600000000 70
2 458409888
3
2 266209967
2 99959407
3
2 266209967
2 22495293
2 310138478
2 310138478
2 153264451
2 457492722
2 216132088
2 246687136
3
1 574349834
2 296361513
1 595810916
2 535670223
2 246687136
2 323943605
2 153264451
3
2 266209967
2 246687136
3
2 259972915
3
3
2 502799574
2 334865462
2 205539892
2 216132088
1 323943605
2 205539892
2 334865462
2 114136355
2 141287405
2 454804369
1 20162039
2 562050132
2 77940727
2 454804369
2 212661641
1 457492722
2 52488692
2 164610702
2 246687136
2 193388353
1 390192750
2 212661641
2 152842970
2 137366601
2 153264451
3
2 334865462
2 369981989
1 264162000
3
2 259972915
2 52488692
2 458409888
2 562050132
1 216132088
2 574349834
2 77940727
2 376581802
2 454804369
2 323943605
2 535670223
3
