10
0 35 0
74 94 1
6 60 1
86 90 0
70 34 0
50 23 0
21 21 0
6 8 0
22 70 0
95 10 0
13
64 97 1
32 53 0
11 0 0
65 62 0
48 23 1
12 63 0
50 90 0
65 66 0
33 67 0
94 40 0
5 51 0
16 76 0
65 92 0
16
96 65 1
72 11 1
46 78 0
55 55 0
17 15 0
70 32 0
55 84 0
9 50 0
89 11 0
58 25 0
90 34 0
34 46 0
10 0 0
17 66 0
93 23 0
30 70 0
8
83 71 0
76 89 1
81 79 0
90 42 0
20 5 0
51 27 0
53 37 1
55 12 0
15
36 78 0
32 14 0
57 41 0
24 55 1
5 62 1
40 32 0
86 3 0
72 17 0
66 37 0
54 5 0
70 96 0
64 89 0
69 43 0
25 35 0
58 91 0
14
58 79 1
50 66 1
51 59 0
70 5 0
90 85 0
17 77 0
57 62 0
91 78 0
88 95 0
2 78 0
45 13 0
25 13 0
42 35 0
7 25 0
6
52 63 0
5 21 1
35 19 1
37 56 0
8 46 0
34 80 0
18
23 42 1
85 6 1
66 74 0
21 13 0
84 20 0
54 45 0
4 50 0
12 49 0
35 54 0
86 69 0
28 99 0
67 46 0
94 28 0
64 96 0
95 53 0
55 69 0
12 9 0
95 46 0
5
82 48 1
17 91 0
9 54 0
58 15 1
10 61 0
16
75 57 1
34 72 1
98 82 0
16 55 0
62 82 0
16 71 0
69 57 0
83 93 0
91 76 0
58 57 0
38 43 0
48 51 0
40 40 0
30 9 0
6 32 0
15 97 0
5
3 96 0
70 47 0
46 9 1
38 25 1
12 61 0
7
37 31 1
25 46 1
10 92 0
88 90 0
75 10 0
61 54 0
94 33 0
12
34 75 1
95 0 1
68 14 0
67 24 0
39 35 0
39 2 0
44 90 0
39 55 0
85 11 0
43 21 0
3 33 0
36 46 0
17
13 20 1
7 30 1
98 59 0
52 99 0
45 88 0
25 30 0
43 12 0
32 8 0
62 34 0
94 22 0
16 1 0
57 88 0
37 89 0
29 75 0
80 85 0
41 22 0
71 20 0
10
6 27 1
99 40 0
31 80 1
8 53 0
62 2 0
5 42 0
23 89 0
30 38 0
58 60 0
89 24 0
1
73 12 1
6
16 2 1
60 33 1
23 2 0
92 1 0
64 86 0
34 1 0
4
88 92 0
66 96 1
60 32 0
43 1 1
18
64 20 0
5 53 0
51 78 1
89 73 1
18 99 0
68 32 0
94 47 0
28 50 0
44 28 0
88 83 0
31 94 0
13 80 0
86 81 0
75 97 0
72 97 0
79 54 0
2 56 0
35 7 0
17
44 82 0
29 55 0
94 1 0
60 7 0
26 39 1
91 73 1
21 79 0
73 18 0
32 43 0
21 41 0
59 71 0
98 52 0
75 21 0
39 73 0
26 19 0
13 62 0
6 3 0
9
84 58 1
15 49 0
42 75 0
32 77 1
97 68 0
95 55 0
33 49 0
33 5 0
30 36 0
8
19 0 0
40 1 1
24 82 1
16 35 0
2 9 0
48 8 0
77 9 0
75 61 0
2
36 1 0
94 89 0
3
36 77 1
0 75 1
99 4 0
6
87 45 1
44 19 1
42 49 0
77 7 0
46 20 0
49 7 0
5
28 2 0
58 0 1
47 28 1
51 73 0
50 78 0
5
55 3 0
10 19 0
69 29 1
87 15 1
55 72 0
15
70 21 1
53 64 1
71 72 0
3 20 0
2 83 0
16 3 0
71 2 0
50 66 0
97 3 0
16 89 0
16 4 0
74 80 0
90 97 0
52 45 0
14 87 0
10
25 70 1
57 54 0
55 75 1
56 84 0
97 62 0
5 16 0
28 35 0
30 99 0
58 18 0
16 99 0
1
55 45 0
18
38 78 0
30 25 1
43 83 1
92 52 0
39 20 0
87 66 0
31 22 0
48 16 0
81 66 0
39 44 0
72 29 0
19 17 0
76 90 0
22 88 0
4 62 0
84 35 0
79 8 0
54 17 0
18
24 21 1
65 90 0
51 80 0
43 85 1
91 80 0
63 94 0
27 64 0
84 87 0
13 44 0
41 7 0
87 50 0
96 8 0
68 20 0
83 74 0
3 10 0
35 82 0
88 64 0
9 75 0
1
46 62 1
11
56 17 1
24 18 0
18 31 0
49 79 1
2 56 0
9 29 0
72 35 0
65 70 0
70 23 0
24 10 0
42 36 0
13
45 13 1
12 95 1
12 34 0
7 26 0
45 45 0
9 36 0
19 22 0
89 65 0
43 34 0
71 78 0
31 49 0
31 32 0
3 76 0
12
79 67 0
69 36 1
31 72 0
52 23 1
61 55 0
7 40 0
48 19 0
46 61 0
78 58 0
91 1 0
39 55 0
88 97 0
16
69 73 0
65 26 0
0 41 1
5 35 1
33 33 0
85 14 0
17 48 0
65 47 0
90 25 0
56 47 0
99 49 0
11 15 0
88 7 0
97 12 0
40 33 0
59 90 0
15
92 96 0
18 43 0
44 72 0
30 33 0
36 97 1
74 35 0
0 45 0
10 66 1
8 33 0
56 4 0
10 35 0
68 93 0
58 75 0
77 56 0
58 41 0
11
51 82 0
35 66 0
91 4 1
42 59 0
52 36 0
84 93 0
58 70 1
46 54 0
0 35 0
67 50 0
60 63 0
6
25 35 1
41 89 1
28 5 0
95 62 0
42 32 0
69 73 0
6
7 13 1
89 18 0
53 7 1
89 98 0
33 58 0
60 4 0
16
14 75 1
94 93 1
3 78 0
93 76 0
6 20 0
72 3 0
22 59 0
97 52 0
21 76 0
67 98 0
86 30 0
70 0 0
94 65 0
76 27 0
36 90 0
80 99 0
7
72 62 1
31 68 1
68 76 0
19 81 0
29 44 0
14 30 0
94 24 0
12
75 87 0
65 72 1
23 12 1
68 64 0
73 38 0
9 63 0
22 6 0
69 5 0
31 5 0
28 92 0
24 93 0
63 24 0
18
96 74 0
25 32 0
78 56 1
74 69 1
4 23 0
40 33 0
57 58 0
24 63 0
33 1 0
44 99 0
13 95 0
52 31 0
27 37 0
45 97 0
43 37 0
36 8 0
93 77 0
61 71 0
11
73 20 0
27 40 0
88 42 0
57 18 0
12 94 1
39 88 0
32 41 0
87 4 0
56 21 1
39 7 0
26 46 0
7
99 88 0
62 8 1
95 68 0
50 29 1
73 64 0
47 27 0
23 64 0
9
8 62 1
73 81 0
67 22 0
15 77 1
70 42 0
77 45 0
95 19 0
7 77 0
2 23 0
3
94 13 1
1 33 1
60 0 0
1
59 66 0
5
71 4 1
91 45 1
68 95 0
15 6 0
59 90 0
14
83 18 0
1 59 1
9 60 1
45 38 0
2 22 0
50 59 0
29 64 0
65 67 0
28 71 0
10 5 0
17 58 0
1 94 0
46 37 0
41 37 0
7
75 36 0
30 28 1
23 1 1
21 69 0
46 67 0
20 3 0
42 70 0
3
0 94 1
52 51 1
44 36 0
15
24 54 1
28 55 0
17 47 0
84 97 1
80 75 0
66 12 0
88 82 0
22 59 0
79 63 0
20 50 0
96 72 0
7 9 0
24 13 0
19 52 0
90 61 0
8
39 94 0
61 95 1
21 95 0
90 59 1
60 23 0
66 13 0
87 21 0
38 35 0
4
29 14 1
15 83 1
68 67 0
59 14 0
6
87 43 0
93 30 1
72 88 1
50 79 0
89 83 0
79 62 0
6
63 12 1
66 81 0
16 47 1
84 68 0
27 57 0
57 53 0
13
96 38 1
40 64 1
23 35 0
99 47 0
10 38 0
57 13 0
70 67 0
52 29 0
91 53 0
21 81 0
81 5 0
67 16 0
65 72 0
5
36 75 0
81 0 1
77 6 0
35 30 0
95 94 1
4
55 48 0
77 52 0
49 73 0
78 50 0
10
51 25 0
75 35 1
84 69 0
52 78 1
33 47 0
43 57 0
78 42 0
16 94 0
67 37 0
52 11 0
1
82 7 0
7
17 38 0
71 19 1
12 74 0
0 92 0
80 25 1
4 84 0
98 8 0
6
36 1 1
30 48 0
50 57 0
76 7 1
90 8 0
95 27 0
2
0 79 0
32 91 1
8
14 12 1
69 84 1
99 63 0
99 96 0
31 41 0
37 99 0
82 58 0
17 44 0
15
55 82 1
9 24 1
92 74 0
24 62 0
50 43 0
28 42 0
4 94 0
27 37 0
19 15 0
49 33 0
13 20 0
25 74 0
92 44 0
57 98 0
10 30 0
17
3 56 0
38 48 0
63 7 0
8 48 0
0 11 0
89 31 0
28 48 1
20 19 1
84 25 0
37 78 0
46 2 0
21 70 0
63 77 0
97 40 0
73 72 0
10 36 0
17 1 0
15
70 93 1
73 91 1
18 7 0
43 94 0
82 34 0
24 16 0
47 86 0
47 32 0
23 13 0
0 30 0
67 48 0
71 94 0
0 89 0
50 17 0
32 52 0
17
88 96 1
56 10 0
44 43 1
84 57 0
35 50 0
76 40 0
9 43 0
21 81 0
12 24 0
81 95 0
88 97 0
51 2 0
85 32 0
85 27 0
66 76 0
32 44 0
0 64 0
2
37 69 0
12 81 0
11
6 12 1
59 25 1
96 69 0
16 90 0
4 62 0
2 18 0
13 49 0
62 45 0
55 17 0
58 47 0
10 3 0
12
58 40 0
90 29 1
90 79 1
63 29 0
5 78 0
20 41 0
23 18 0
54 53 0
93 42 0
57 90 0
27 21 0
8 30 0
2
58 95 1
60 21 1
13
57 96 1
95 96 1
74 28 0
1 26 0
59 26 0
14 84 0
35 70 0
22 80 0
13 45 0
40 51 0
30 79 0
1 91 0
75 22 0
17
80 50 0
13 55 0
56 67 1
15 38 0
28 40 1
34 66 0
68 30 0
86 70 0
50 47 0
58 2 0
70 5 0
81 16 0
43 7 0
10 99 0
10 4 0
54 75 0
64 85 0
10
46 4 1
68 34 0
97 73 0
34 22 0
4 42 1
15 39 0
76 1 0
73 8 0
60 15 0
18 30 0
1
70 99 1
10
20 90 1
59 45 1
97 38 0
3 65 0
89 36 0
89 40 0
2 5 0
40 49 0
44 46 0
54 80 0
16
61 13 0
33 2 0
91 9 1
81 12 1
35 83 0
83 68 0
56 43 0
76 44 0
70 29 0
19 95 0
94 47 0
24 51 0
28 93 0
70 87 0
91 39 0
46 11 0
17
26 30 0
67 16 1
1 21 0
34 5 1
20 1 0
67 62 0
29 56 0
41 6 0
10 8 0
29 64 0
69 16 0
64 91 0
36 70 0
61 35 0
40 79 0
48 17 0
81 54 0
17
62 15 0
69 71 0
51 68 0
28 97 1
97 19 0
9 19 1
90 48 0
68 69 0
88 98 0
93 63 0
94 55 0
48 49 0
93 43 0
31 57 0
31 13 0
3 54 0
18 63 0
6
63 95 1
90 21 0
58 71 1
36 97 0
18 82 0
66 1 0
10
70 49 1
65 78 0
80 98 0
59 62 0
59 86 0
59 8 1
21 54 0
62 93 0
63 79 0
71 5 0
15
42 1 0
43 22 1
90 71 1
88 99 0
72 84 0
7 48 0
20 51 0
32 46 0
15 83 0
63 21 0
45 99 0
3 6 0
9 37 0
70 82 0
53 46 0
15
55 50 1
8 25 1
38 39 0
60 48 0
19 37 0
0 11 0
52 28 0
35 43 0
45 83 0
91 74 0
59 62 0
19 63 0
85 19 0
85 17 0
65 83 0
9
20 33 1
80 12 0
23 62 0
80 86 1
40 45 0
17 28 0
93 48 0
28 42 0
48 21 0
3
21 94 1
82 21 0
75 97 1
6
77 3 0
79 39 1
70 24 0
49 85 0
16 49 0
30 30 0
18
6 57 1
34 0 0
85 33 0
37 37 0
97 42 0
7 86 1
81 52 0
22 15 0
86 17 0
49 31 0
88 56 0
9 91 0
90 95 0
51 38 0
84 35 0
6 74 0
47 86 0
13 96 0
11
65 2 1
6 0 0
26 37 1
58 34 0
16 14 0
18 38 0
8 67 0
76 16 0
5 41 0
7 26 0
50 93 0
5
96 47 0
32 27 0
20 77 1
7 65 0
47 90 1
6
78 21 1
4 50 0
18 92 0
20 43 1
0 57 0
6 40 0
1
74 39 0
5
57 62 0
50 58 0
16 42 1
29 16 1
77 74 0
10
95 22 0
23 30 1
96 48 0
77 99 0
26 13 0
19 71 0
46 83 1
48 20 0
24 68 0
65 98 0
8
6 89 1
66 11 1
8 42 0
84 28 0
34 58 0
57 8 0
75 36 0
40 96 0
18
88 78 1
73 41 1
45 40 0
86 62 0
46 47 0
22 72 0
10 96 0
19 98 0
53 98 0
5 85 0
94 43 0
17 54 0
25 8 0
2 90 0
84 33 0
89 90 0
81 48 0
41 48 0
0
