100
4
2 3 4 1
4
3 3 4 1
4
3 3 4 3
10
7 8 10 10 9 2 9 6 3 3
10
2 3 1 10 3 5 6 7 8 9
10
4 3 6 1 7 10 10 4 10 2
320
90 214 174 28 215 239 186 303 68 78 42 211 45 155 77 150 277 154 267 204 228 78 142 67 42 64 201 260 202 237 170 219 101 203 243 75 228 35 46 134 253 252 232 199 299 39 105 229 166 110 199 292 209 87 235 118 131 296 204 138 236 141 222 91 51 170 247 163 194 301 104 105 173 114 117 228 275 297 197 236 294 95 308 126 177 304 117 101 295 86 228 118 68 240 82 98 88 229 193 189 311 133 139 315 37 178 81 126 152 133 211 54 286 77 258 177 244 286 147 131 116 283 202 234 222 6 99 62 310 12 128 37 232 75 299 87 148 252 262 11 142 303 205 295 190 123 261 294 109 126 46 258 288 121 205 92 124 40 202 14 138 168 225 64 23 320 49 291 133 124 174 4 125 240 30 3 318 150 255 310 6 28 115 73 183 297 248 112 200 314 196 265 159 224 68 191 277 302 61 291 125 69 86 28 129 156 154 277 170 163 131 251 70 230 308 7 271 65 232 195 19 187 227 107 5 234 90 198 41 109 41 43 310 158 287 108 166 52 65 163 188 178 289 299 80 187 59 271 187 242 212 71 8 255 131 164 180 145 306 257 237 109 320 152 123 59 250 313 292 111 309 214 120 128 30 293 77 297 285 158 111 240 53 175 314 305 284 97 152 233 144 19 307 146 276 214 203 160 124 108 289 116 270 71 174 67 187 286 89 67 21 235 216 296 10 308 166 33 163 79
165
132 36 136 44 82 102 85 3 145 88 48 15 149 138 59 116 59 153 31 108 54 1 84 60 10 84 48 145 33 136 142 162 74 127 130 122 27 114 112 35 45 150 64 9 98 81 84 103 130 165 143 134 46 98 145 88 141 138 12 67 131 56 33 140 88 35 124 150 67 106 35 63 145 106 58 2 79 15 114 120 138 12 73 136 100 70 136 58 15 59 18 21 110 105 50 87 104 141 7 157 86 78 24 137 115 13 78 159 161 84 39 6 162 73 123 108 38 122 6 137 151 2 131 109 71 16 112 142 87 57 5 116 90 70 124 110 103 158 101 147 54 35 45 137 83 103 64 4 139 93 36 18 90 88 158 137 149 81 97 2 27 163 153 42 95
20
13 9 4 13 13 14 6 17 3 4 6 18 16 12 6 4 7 12 9 19
10
7 4 4 5 7 9 4 3 2 4
10
8 7 7 8 8 5 9 1 7 2
20
11 4 18 17 4 1 1 19 19 3 2 17 1 20 13 1 9 14 8 12
10
3 3 8 2 3 9 4 10 8 9
10
5 7 4 2 10 8 3 4 10 4
10
2 10 1 8 10 2 10 5 7 9
53
21 31 16 52 19 14 10 45 48 3 28 24 33 39 38 3 41 9 23 2 22 46 30 51 53 44 36 6 15 5 34 47 7 18 13 20 30 26 25 16 12 50 23 8 1 48 42 21 43 49 40 32 37
571
458 137 1 27 76 224 342 255 151 558 157 64 552 156 549 353 287 459 531 85 198 306 81 136 132 168 468 52 263 325 205 345 338 173 228 421 111 212 285 165 364 130 227 567 159 223 427 110 44 505 160 376 548 222 326 251 88 321 555 539 305 396 428 385 389 541 277 117 38 407 126 63 298 200 534 164 62 11 225 569 543 211 274 514 201 434 564 484 119 203 195 395 254 449 34 444 467 360 209 152 440 19 490 410 288 36 23 381 166 433 37 497 417 313 424 337 184 53 404 47 241 328 502 252 553 422 554 469 416 487 87 91 494 530 561 405 239 175 472 221 144 565 320 108 2 266 419 470 182 114 373 97 71 25 238 192 230 394 127 155 350 292 547 307 146 31 207 508 29 45 491 65 450 101 391 439 408 442 120 365 474 524 135 363 283 300 94 179 323 536 377 478 290 527 366 525 18 49 210 9 483 331 278 461 99 355 544 518 529 261 92 281 557 406 318 79 243 515 66 8 167 334 180 133 216 379 371 382 199 78 481 551 154 303 347 368 259 335 213 316 538 504 217 402 86 253 540 293 393 432 414 240 571 486 42 488 492 284 312 264 333 247 401 139 560 176 311 299 260 566 509 443 453 499 5 12 280 115 324 308 556 390 134 435 542 482 17 193 493 520 528 273 466 40 275 351 506 358 83 186 208 80 59 181 562 477 383 128 75 30 384 69 190 236 16 124 95 454 32 296 375 163 319 41 262 418 369 113 302 387 267 140 106 54 172 523 501 344 341 332 476 289 185 412 317 237 58 129 170 161 423 13 297 465 246 374 485 73 77 426 250 330 68 279 98 436 356 495 489 153 537 187 339 367 479 50 72 276 103 372 380 118 231 309 378 526 57 535 123 456 516 112 125 513 218 570 169 460 310 545 517 291 473 438 256 214 70 329 503 500 340 20 3 61 346 348 89 392 403 349 197 268 149 21 60 46 431 15 430 233 39 206 48 188 258 429 471 122 294 568 43 14 204 388 282 447 35 498 512 272 399 510 82 51 84 445 249 455 229 415 189 107 202 174 194 248 196 4 242 177 22 343 147 304 409 74 357 420 352 441 295 507 33 162 437 286 322 24 244 226 171 257 464 6 314 452 55 448 522 546 183 215 26 67 400 315 93 131 271 496 269 141 336 413 463 559 397 102 116 105 457 370 158 143 100 121 109 327 354 511 301 411 150 362 10 56 480 386 142 451 219 245 462 532 28 104 563 446 191 361 232 235 521 178 234 398 145 96 138 265 519 533 220 475 425 148 90 7 270 359 550
100
13 73 38 70 58 46 9 77 64 33 13 3 88 81 16 99 29 87 48 1 17 65 81 78 69 38 100 63 67 96 14 75 27 94 91 14 39 99 95 84 2 82 30 73 28 52 55 49 7 76 89 98 51 59 83 62 31 82 57 8 31 32 40 15 90 90 25 18 4 85 11 38 24 12 93 43 39 21 64 43 32 86 68 71 33 35 46 19 60 70 74 81 72 50 45 47 70 82 34 54
100
98 3 2 13 10 49 41 36 15 5 38 30 4 80 9 81 54 70 56 24 82 69 85 20 51 47 29 97 27 12 78 33 32 53 90 8 84 11 63 66 7 46 83 50 71 42 26 59 6 44 25 64 34 17 76 19 100 94 48 75 92 77 39 52 68 40 87 65 22 18 45 99 74 73 60 55 62 31 86 14 16 21 43 37 23 79 67 89 88 35 93 61 91 58 96 95 28 1 72 57
997
135 479 849 193 338 541 733 74 781 355 493 929 969 830 758 85 193 294 334 164 915 124 393 129 822 974 859 671 508 951 747 962 260 639 923 914 374 218 656 666 209 908 788 975 518 118 976 64 473 550 310 756 780 277 948 259 714 804 344 128 446 737 905 197 371 543 303 975 79 276 20 373 740 482 947 504 943 348 69 198 728 100 692 311 529 833 958 859 914 320 751 598 654 358 381 216 449 282 78 242 439 425 705 814 573 870 5 318 618 663 362 866 250 400 8 194 536 476 918 132 223 273 298 915 6 605 965 555 109 255 112 458 889 515 471 201 286 333 854 365 783 153 268 406 469 166 847 266 826 527 211 155 690 538 63 262 677 672 158 982 750 396 464 627 121 177 248 635 994 459 342 88 212 420 466 503 774 528 762 687 770 671 683 728 128 74 9 805 210 931 386 42 775 399 408 38 215 963 15 326 681 21 596 912 563 76 823 713 404 113 118 251 855 851 521 217 711 204 25 792 660 53 68 850 708 684 705 543 352 229 326 105 491 227 494 374 597 332 838 22 819 542 29 27 746 958 31 707 465 394 552 233 45 534 127 838 313 778 128 383 369 609 875 853 599 953 638 363 411 382 694 554 927 418 147 462 12 182 47 40 77 501 540 867 379 667 457 59 928 334 23 127 728 47 583 526 314 551 307 896 295 557 952 754 741 324 972 845 807 567 433 524 73 511 149 394 52 725 52 510 30 223 151 285 60 410 77 442 110 183 615 971 759 796 70 562 621 424 610 94 942 234 803 330 6 839 149 201 213 19 818 478 11 776 104 474 932 932 483 752 441 308 686 766 957 795 261 852 487 101 864 313 899 284 848 481 534 932 865 419 43 635 475 602 574 81 504 885 794 842 171 618 939 930 767 799 724 82 48 969 199 626 194 387 161 523 607 483 599 356 941 178 278 842 265 486 57 832 42 138 218 654 336 978 634 907 691 448 455 207 196 456 364 811 647 152 84 667 173 479 883 480 436 350 843 499 964 2 878 349 64 520 649 13 987 830 756 159 568 243 543 119 801 716 856 474 821 583 274 645 535 420 824 356 241 930 896 696 730 86 808 541 96 749 704 222 800 52 917 659 122 191 467 896 465 69 75 903 239 642 23 834 699 387 74 921 720 624 658 893 676 258 607 973 1 710 216 741 321 877 639 860 652 646 854 500 807 385 916 857 238 608 67 429 397 301 211 89 984 757 482 820 461 774 91 977 397 266 476 17 208 99 372 703 693 661 302 954 855 435 403 336 335 792 126 134 590 402 887 499 863 455 712 340 375 34 269 873 502 733 784 607 295 893 450 30 670 718 632 434 511 315 224 359 854 107 102 498 7 139 12 437 732 586 56 966 497 879 897 739 526 556 576 106 911 831 790 109 309 337 879 210 143 562 870 818 738 150 726 892 858 267 281 689 71 364 238 886 521 32 179 877 200 39 682 41 630 252 565 496 337 557 865 613 307 747 957 509 447 688 582 228 422 815 474 484 485 291 174 187 396 612 825 36 198 460 974 650 797 118 428 31 695 787 611 862 302 426 571 264 933 924 481 304 802 388 604 449 360 333 582 180 558 203 228 144 770 891 936 293 768 564 33 534 421 133 246 961 884 225 468 405 876 167 244 748 949 81 416 270 919 93 784 326 860 247 963 51 306 253 332 642 655 530 776 946 31 115 734 143 763 328 451 812 993 52 506 61 841 499 444 827 632 190 901 395 817 616 579 979 519 649 92 937 888 934 55 743 235 120 810 147 6 44 517 10 735 764 976 384 938 588 471 76 938 525 629 545 727 52 925 765 401 425 529 133 970 507 862 909 431 288 374 322 465 761 427 206 719 361 489 409 967 614 198 145 968 25 608 312 616 869 913 292 799 624 222 709 131 503 303 843 287 679 445 444 214 323 129 644 606 207 492 139 935 272 633 911 50 374 470 423 772 454 944 782 831 668 83 472 130 169 648 540 729 175 675 79 608 292 575 916 263 578 72 702 425 587 35 65 473 343 245 426 511 346 779 302 335 967 868 151 593 63 140 355 461 546 398 392 262 566 560 925 495 149 232 617 341 771 18 209 959 553 536 148 928 640 413 394 721 539 353 367 528 919 650 577 940 569 532 585 849 123 391 62 277 484 163 775 717 16 861 176 373 34 184 976 990 41 512 439 737 622 600 271 698 723 392 996 160 438 993 166 44 958 660 631 202 293 776 108 273 230 769 194 620 589 100 339 966 976 706 674 626 345 849
144
66 135 79 122 21 111 42 5 78 84 32 6 17 54 36 116 2 91 37 97 38 39 62 141 60 53 42 101 13 87 129 11 65 65 82 121 19 133 142 130 102 27 13 128 142 64 143 104 59 71 69 112 102 118 22 107 66 57 98 94 102 23 76 103 34 57 27 18 9 88 125 75 46 22 35 23 93 127 15 63 58 68 61 8 92 120 119 1 77 30 18 16 50 81 137 108 112 24 28 43 49 26 52 74 14 55 86 96 47 73 138 52 85 105 27 37 124 12 30 80 113 70 88 89 40 41 91 30 139 134 38 48 135 130 133 117 95 33 56 21 4 137 20 60
50
49 9 12 11 13 3 38 40 14 30 16 36 6 45 2 47 8 30 32 29 41 33 7 25 8 48 24 39 27 15 37 19 41 5 28 49 30 43 21 50 44 17 4 26 31 36 23 35 34 20
400
354 123 281 63 306 193 361 244 196 43 86 168 307 337 44 40 139 219 122 203 267 96 146 25 252 119 12 77 162 350 133 8 198 4 64 213 388 157 214 331 227 320 289 300 385 154 375 351 116 142 89 318 275 93 238 254 212 97 80 144 26 218 177 34 126 57 147 329 179 229 217 65 348 46 53 249 9 260 400 85 169 182 186 35 41 58 83 335 290 334 20 191 231 257 125 114 355 343 392 222 246 299 315 287 16 165 291 159 273 174 153 148 135 161 149 224 138 75 78 230 13 368 170 308 94 68 237 294 374 101 333 377 71 112 102 82 160 81 264 18 352 302 7 297 176 61 37 245 370 113 98 185 378 181 345 386 283 262 240 95 280 62 383 365 72 111 173 2 66 210 90 367 271 387 247 305 239 3 292 54 242 1 60 124 344 324 205 184 394 310 382 190 84 92 221 304 32 319 274 47 279 200 225 248 166 99 286 234 314 233 137 338 226 235 55 127 14 109 188 189 269 172 399 276 339 56 51 121 42 175 255 278 91 390 28 317 171 236 347 79 192 356 195 371 73 5 206 117 253 129 194 358 363 38 359 322 155 393 187 207 360 384 266 258 364 321 131 167 6 178 17 21 303 330 389 48 316 59 202 24 295 70 391 49 341 256 113 251 211 323 39 261 282 328 309 29 69 379 325 353 270 220 76 150 31 22 243 197 204 332 33 296 23 250 52 183 134 288 397 36 199 152 163 10 45 311 265 136 272 30 130 107 67 156 357 369 277 103 336 327 209 216 232 115 19 158 381 396 87 143 313 268 132 110 88 100 349 223 376 104 15 215 108 398 372 180 380 118 284 342 287 140 145 259 301 395 362 326 228 164 128 208 241 340 27 105 285 263 141 373 346 366 120 11 298 201 106 74 50 151
100
86 43 55 6 31 4 20 85 52 69 89 99 95 82 38 62 98 78 84 7 36 66 27 87 80 48 23 91 42 56 5 47 40 46 57 21 51 15 53 33 58 29 2 64 67 34 32 26 90 60 37 9 39 68 3 30 35 41 75 50 76 16 79 44 70 22 45 54 10 65 93 88 97 83 59 61 92 18 63 25 94 14 74 19 8 1 24 72 11 49 28 77 71 81 13 100 73 17 12 96
231
228 53 130 86 177 60 144 3 188 105 165 111 122 31 62 36 34 195 219 177 11 112 187 57 199 44 197 194 20 71 141 18 25 209 100 23 41 132 110 142 37 125 9 179 99 147 25 161 191 191 131 218 165 14 59 163 115 23 201 191 99 19 43 16 219 204 110 85 111 114 12 40 139 12 87 36 19 128 6 103 113 151 42 132 141 172 31 43 45 109 217 102 50 42 117 88 207 90 57 191 32 59 34 114 192 158 158 168 98 10 74 213 95 108 99 222 44 111 65 67 113 225 79 36 123 65 128 121 114 165 23 48 3 85 172 193 199 98 91 184 31 114 30 85 57 124 179 227 110 214 74 78 112 30 218 35 213 164 107 12 86 157 180 120 217 67 153 141 78 156 83 49 228 127 33 9 20 151 67 38 198 115 65 29 152 135 87 141 1 137 60 230 136 22 136 177 194 48 180 112 59 88 75 82 157 226 38 170 36 33 43 90 50 5 83 147 196 229 77 180 106 41 5 15 95 23 106 220 134 184 43
10
7 10 1 5 7 4 2 9 4 1
20
11 18 2 6 9 2 18 14 5 4 4 4 3 18 6 13 15 6 5 11
10
5 5 7 9 7 4 10 6 6 1
3
3 1 1
10
4 1 1 9 10 9 8 9 3 7
100
4 34 9 52 16 78 8 37 22 45 54 23 7 26 2 86 25 38 99 57 43 33 10 49 28 66 84 12 69 11 46 91 61 89 40 100 65 58 95 92 18 80 48 53 47 72 93 3 29 51 98 74 96 88 87 17 21 85 41 77 83 76 31 71 36 30 62 42 75 73 20 70 14 35 1 15 13 82 19 64 5 39 50 90 68 94 59 27 6 24 63 97 79 44 81 60 56 67 55 32
1000
148 493 185 478 334 123 177 327 774 302 707 104 557 188 847 555 575 613 440 911 542 404 216 62 746 227 999 904 598 794 655 149 337 739 930 820 509 994 526 287 649 428 629 257 332 893 737 127 91 221 846 341 286 888 32 748 340 184 745 329 16 810 130 108 75 64 270 40 749 380 94 249 752 985 288 262 151 502 261 678 208 382 897 987 527 79 850 517 650 480 621 779 136 662 259 642 1 982 308 154 988 744 374 814 434 147 586 7 477 474 767 591 377 453 989 620 105 183 906 723 497 933 547 145 267 965 467 229 33 71 199 128 383 113 589 718 457 764 192 881 132 195 138 892 326 616 841 720 333 2 454 815 112 880 489 512 775 9 186 194 98 43 360 697 206 730 269 486 103 49 232 935 721 295 265 763 294 444 674 253 66 681 905 913 793 867 515 82 102 307 641 263 10 437 760 254 13 528 74 714 926 758 433 348 849 736 543 538 27 780 803 708 792 397 45 857 168 972 485 577 236 703 197 131 157 619 567 581 658 795 450 545 282 818 657 618 563 754 171 85 385 757 279 531 665 372 782 908 159 26 997 420 734 732 836 190 143 234 4 494 358 942 11 349 726 144 252 529 797 310 83 921 124 29 541 735 338 134 86 936 719 633 174 347 201 786 777 903 996 304 202 235 390 417 246 578 350 443 80 556 321 455 915 240 41 946 54 386 50 889 825 413 679 894 522 593 919 519 816 675 399 222 65 481 243 787 753 366 507 284 872 624 883 96 798 941 241 164 959 631 463 99 564 931 426 458 328 614 69 441 900 411 902 436 331 317 34 640 995 268 873 272 170 755 709 666 55 924 484 125 346 137 778 30 885 947 824 59 548 822 705 25 316 415 330 823 48 255 922 109 785 842 163 121 722 804 884 601 129 680 352 220 407 738 974 460 324 343 532 969 647 461 544 970 285 686 73 523 447 298 212 907 107 226 141 146 36 520 88 431 596 167 848 244 135 756 916 553 811 964 671 419 800 699 315 52 476 416 986 353 161 424 668 160 198 953 750 207 37 506 38 525 176 290 949 118 689 950 120 204 855 878 968 401 305 706 110 937 918 570 828 140 482 421 934 425 369 303 391 214 169 410 309 111 490 562 90 414 656 868 606 35 364 984 175 400 546 95 636 15 449 115 193 729 627 954 351 940 537 812 944 909 561 335 44 313 862 20 22 396 503 694 47 464 72 876 938 92 100 119 852 258 388 418 684 491 762 472 345 979 496 790 651 300 179 264 97 966 765 237 67 602 219 432 551 211 854 8 58 742 615 715 597 611 89 759 998 973 446 3 389 205 560 693 776 325 210 354 114 106 224 733 233 768 283 510 827 639 992 231 196 117 890 384 5 18 991 339 791 887 378 844 133 320 203 826 245 781 275 218 462 875 314 93 189 788 637 839 239 851 783 725 1000 344 980 14 837 126 299 845 465 920 539 951 582 505 359 228 856 661 677 251 978 483 819 217 21 536 632 993 479 877 644 24 901 963 387 617 379 840 605 751 395 301 663 835 971 743 595 899 646 357 273 807 864 452 566 667 672 39 28 975 943 435 297 306 362 403 698 896 152 213 701 492 274 599 635 983 319 381 957 23 981 487 713 516 470 652 832 690 518 500 929 473 592 429 711 293 801 31 895 643 573 392 853 356 869 139 409 607 311 569 499 806 162 609 182 580 587 63 554 565 495 724 863 367 153 142 574 155 630 247 405 558 116 318 568 860 654 685 42 150 535 704 276 608 281 682 373 712 68 412 638 238 81 610 670 524 180 572 375 871 363 508 879 504 870 260 166 576 355 456 77 336 280 912 471 181 368 660 728 648 361 200 948 799 12 466 376 813 173 225 683 659 834 688 439 84 956 805 859 784 187 513 442 291 588 271 833 430 451 423 653 917 960 612 731 910 61 468 540 215 770 76 747 393 977 438 932 773 398 78 829 488 277 886 669 53 808 691 101 459 469 549 585 843 962 60 603 209 604 939 769 923 958 242 796 19 250 717 87 740 789 394 727 191 571 70 990 156 445 861 289 122 695 967 511 898 534 882 865 278 771 761 830 634 402 559 866 741 56 230 702 952 475 530 266 600 178 427 626 772 623 248 365 312 687 371 928 51 622 645 700 406 831 925 165 342 292 57 521 370 323 914 664 514 809 927 874 955 579 17 838 961 628 696 945 766 716 817 976 858 533 821 583 552 322 584 6 172 158 256 594 692 802 625 498 676 408 550 422 501 710 448 46 891 590 673 223 296
20
12 5 12 7 11 1 11 18 14 4 10 15 4 8 10 5 9 7 12 4
160
93 92 8 73 154 159 125 50 19 91 160 77 18 103 155 109 10 23 121 9 36 89 118 47 101 106 65 95 87 83 144 111 64 153 3 53 40 145 120 48 61 46 11 42 147 134 124 4 26 14 80 132 55 55 137 12 20 96 71 116 45 16 57 123 78 2 140 136 56 103 1 157 66 72 42 31 22 60 113 67 131 13 33 129 49 104 30 130 149 44 105 43 39 2 156 74 65 82 138 102 114 6 37 117 51 107 35 17 99 100 126 97 112 58 88 133 28 84 148 153 150 21 81 79 29 59 146 24 7 90 25 98 119 32 141 151 86 122 30 76 142 68 122 152 52 135 57 41 15 110 85 62 5 69 158 108 145 115 128 127
100
24 89 85 90 40 78 50 84 3 75 5 57 70 88 2 100 42 98 45 42 24 8 27 55 68 28 88 26 54 47 42 92 59 73 57 57 61 4 53 11 69 55 25 37 83 90 58 32 72 59 10 82 39 62 31 87 12 30 68 76 2 11 58 80 95 70 41 43 19 93 87 93 34 22 85 86 14 19 1 19 42 22 19 22 98 58 91 77 61 23 56 86 13 99 65 95 14 75 34 16
200
158 48 112 118 17 178 4 196 196 101 106 152 35 102 82 35 41 116 10 75 100 90 188 69 169 199 141 164 94 32 97 174 165 126 179 194 112 56 170 57 194 6 190 110 172 45 119 167 96 200 71 69 155 5 146 38 169 38 183 114 112 127 42 44 88 56 196 173 140 69 106 165 59 111 51 61 72 144 101 14 43 36 38 143 192 185 84 97 24 26 21 126 99 119 142 20 96 52 136 182 93 133 76 128 120 195 3 21 128 60 144 27 27 116 112 74 108 28 194 78 198 146 25 127 154 164 5 148 2 118 29 71 77 5 108 174 154 44 135 44 105 82 32 111 105 152 48 109 75 120 77 39 155 50 24 166 40 67 110 153 122 44 16 126 124 131 197 95 51 95 88 6 81 139 90 181 57 115 97 70 183 118 84 178 197 54 21 58 153 1 82 72 7 41 188 56 126 54 129 194
101
66 99 14 92 67 25 76 100 28 6 79 41 7 64 7 45 89 1 61 91 2 74 69 30 56 19 90 57 68 77 33 53 54 31 59 76 44 55 87 32 96 35 9 79 29 13 20 97 40 93 88 26 37 12 39 3 81 24 17 16 9 2 46 94 27 34 49 22 18 5 60 93 47 6 4 36 75 98 62 48 8 32 72 74 51 45 85 78 95 38 80 42 58 83 65 70 52 73 71 63 95
20
13 12 16 16 20 14 16 7 6 19 15 20 14 6 20 3 16 1 9 4
996
93 480 531 949 200 956 749 719 510 77 450 334 875 933 741 789 475 157 957 859 516 943 960 60 361 263 847 503 413 33 761 901 440 913 195 460 740 608 588 544 783 632 504 862 704 203 378 7 599 729 361 481 898 252 598 314 575 151 661 917 317 604 5 948 95 332 318 572 985 269 556 224 936 556 36 17 112 439 164 686 125 384 89 91 183 792 877 673 396 153 55 470 271 369 643 763 111 579 932 428 407 335 726 681 600 550 746 49 143 181 778 652 774 408 144 298 952 944 241 939 961 198 971 297 532 460 553 438 244 559 494 477 237 594 641 587 728 141 470 531 476 246 796 530 493 314 379 224 422 163 132 367 693 706 87 935 896 636 876 702 157 687 585 878 499 485 230 362 539 338 282 627 993 982 889 341 770 727 160 258 110 171 420 871 645 340 634 463 271 284 817 342 617 554 818 464 753 122 790 70 26 348 307 8 980 638 597 538 275 977 520 752 356 822 404 10 289 906 511 953 403 715 580 148 661 5 160 105 850 449 839 38 191 92 309 626 936 756 59 270 931 965 213 484 631 407 235 442 501 836 593 537 365 108 825 208 633 322 674 248 271 947 26 462 516 709 61 42 465 570 837 852 533 506 279 565 161 125 332 854 275 759 188 551 678 533 966 447 472 424 482 104 857 40 186 100 581 393 769 436 305 587 378 557 103 406 198 852 591 414 265 197 721 589 901 4 739 371 6 576 262 390 110 466 503 98 74 694 61 981 834 66 63 994 221 748 694 436 368 146 867 539 595 451 211 782 135 58 845 50 368 928 506 439 124 649 731 619 114 72 622 110 700 337 187 703 216 339 708 709 430 75 61 319 445 76 596 924 706 477 59 864 840 968 373 21 102 560 969 214 722 772 23 48 431 181 821 57 810 471 301 416 353 793 334 649 325 788 206 342 972 632 231 904 879 907 342 873 174 590 203 916 432 532 242 81 145 419 705 954 487 243 710 368 823 457 74 423 461 646 813 820 359 218 524 518 417 990 39 164 807 607 970 505 389 838 255 273 563 502 120 137 686 401 908 350 525 182 134 178 366 421 430 29 866 53 380 653 284 638 528 903 933 639 262 983 885 973 875 74 422 830 292 109 529 942 617 162 165 234 308 377 333 194 22 963 645 598 21 867 869 473 619 320 439 113 76 148 601 735 929 902 978 283 667 627 196 290 835 199 121 424 286 839 443 122 252 268 950 132 526 762 340 117 82 142 668 355 461 692 202 508 894 707 63 74 335 123 217 427 781 136 438 715 491 948 682 522 527 654 592 776 974 378 500 738 35 276 150 13 253 331 49 281 665 711 133 945 474 352 951 618 358 66 107 295 100 518 637 158 140 845 454 434 974 195 832 777 996 626 302 638 67 819 617 775 535 754 456 166 43 635 719 721 722 479 946 741 162 56 937 730 558 582 622 180 88 492 616 716 918 498 138 399 741 391 15 664 406 289 65 85 679 400 602 704 765 803 244 435 946 620 293 499 597 183 865 719 425 266 919 40 54 8 197 468 372 874 106 640 840 43 657 919 806 743 814 83 179 119 898 922 433 873 323 286 121 747 375 19 43 298 488 280 62 364 625 663 223 605 431 69 27 911 152 831 128 859 671 768 313 391 731 700 448 177 294 827 285 614 165 6 563 72 855 899 355 912 455 547 645 738 291 927 533 398 879 311 958 584 962 804 762 219 118 936 844 453 263 680 260 900 892 784 275 26 724 15 161 310 859 486 691 987 381 986 304 848 699 802 441 397 142 212 798 377 19 603 812 444 330 714 343 653 240 404 949 509 524 97 609 115 662 569 364 541 229 243 769 977 767 683 545 660 836 258 751 429 614 267 344 205 819 640 306 287 863 382 275 339 690 725 620 388 162 779 374 346 755 96 579 642 171 609 84 514 345 783 108 394 290 257 170 856 909 758 984 534 86 200 956 24 336 537 182 71 801 499 715 264 771 172 185 797 45 613 734 52 868 883 432 205 712 504 809 733 393 109 30 409 416 571 443 370 835 795 532 193 256 245 496 841 677 578 476 924 568 891 593 414 635 490 715 315 369 220 720 168 536 846 17 324 34 658 249 137 763 228 478 313 232 380 914 659 210 25 89 167 566 426 780 201 800 131 764 661 680 566 941 99 175 31 651 930 263 624 469 521 137 828 723 87 553 696 948 200 801 897 713 68 938 376 925 815 916 691 439 347 962 90 376 870 669 273 806 586 737 436 720 747 803 929 889 2 182 964
10
2 9 2 6 10 5 4 1 10 5
20
19 9 19 6 12 11 11 11 5 1 5 19 10 8 1 15 20 13 11 5
10
2 5 8 9 10 7 3 1 10 6
10
6 6 6 6 6 10 6 10 6 6
10
2 3 10 1 10 9 4 10 10 3
50
50 45 9 3 9 49 44 20 45 43 49 35 18 15 40 5 32 22 33 16 42 16 19 48 36 28 23 24 20 44 32 12 29 2 10 34 38 42 1 32 31 9 46 39 30 24 45 1 31 34
100
91 46 85 53 63 98 39 41 45 6 73 88 49 35 82 79 37 86 60 4 14 24 59 89 97 61 54 93 25 68 26 3 10 50 31 71 65 99 34 16 19 30 2 47 17 66 96 100 81 22 62 29 95 40 44 80 15 69 13 78 83 76 58 5 72 92 42 75 20 27 43 18 7 67 51 11 48 90 77 1 64 9 28 89 70 94 8 87 84 55 84 21 33 36 38 56 23 74 12 52
100
77 86 66 38 70 63 41 84 73 76 39 82 53 13 22 55 11 60 34 21 10 54 85 92 30 3 61 31 83 26 28 51 4 59 15 65 93 19 27 35 9 20 57 5 72 90 78 52 71 62 42 79 12 18 7 100 67 23 68 8 80 1 45 47 14 96 29 48 36 75 44 56 64 40 91 81 2 87 46 32 37 49 88 16 25 74 43 31 50 89 33 6 24 58 94 17 95 69 97 98
101
64 29 32 46 94 24 72 38 60 16 43 70 54 49 55 42 81 23 18 99 13 47 85 9 52 4 100 75 25 11 7 48 65 36 91 62 95 35 79 85 76 63 51 57 15 59 21 88 34 12 93 39 26 8 19 96 96 37 92 77 65 10 101 32 58 67 68 53 28 80 78 97 6 71 1 89 45 6 69 41 30 35 74 95 66 31 14 47 2 61 44 86 87 27 84 61 98 17 67 83 50
200
189 65 68 22 55 165 187 96 107 41 146 144 92 181 71 67 154 39 61 56 148 47 62 102 149 174 57 194 4 6 127 167 157 145 154 54 69 113 191 61 199 90 40 108 18 23 79 28 138 18 132 92 73 168 80 155 182 143 151 172 178 105 36 16 78 153 21 40 163 185 77 130 48 94 90 111 66 200 196 53 195 20 24 37 156 30 184 32 142 198 129 46 120 115 145 63 181 86 5 49 143 74 136 25 161 183 10 106 133 151 91 44 96 192 122 75 96 62 88 102 64 157 15 141 9 88 11 23 135 109 31 14 97 12 139 186 127 84 13 146 147 51 1 121 98 45 168 101 87 35 34 70 112 22 182 158 59 152 92 169 100 82 72 15 180 138 8 123 35 18 166 160 162 173 107 137 76 26 12 99 200 85 116 3 177 9 103 199 172 174 103 126 172 89 115 2 78 179 93 31
10
6 7 10 1 7 2 10 2 3 9
969
443 728 727 591 285 684 31 779 139 786 835 371 968 23 654 640 969 417 868 585 378 480 91 660 595 100 580 345 928 512 29 533 511 341 755 797 712 461 454 632 215 653 11 340 614 882 661 937 931 132 350 170 108 267 195 385 181 240 912 665 79 518 404 607 81 310 395 160 867 576 608 849 716 929 171 721 33 586 408 127 396 444 578 418 383 860 939 326 965 624 263 961 759 830 470 766 561 370 743 956 762 905 275 681 923 903 774 51 24 290 89 904 907 946 784 169 643 90 95 329 862 875 776 535 963 505 313 83 704 724 685 157 747 151 922 709 105 877 787 200 184 692 375 671 920 110 544 258 800 343 302 759 374 513 201 658 324 121 213 60 517 695 949 881 775 502 811 770 820 396 36 936 286 365 703 246 205 861 542 49 895 843 547 17 884 334 265 947 615 960 621 465 117 750 233 84 163 696 359 688 188 930 441 327 77 96 450 156 468 851 553 568 399 552 411 741 682 890 619 427 50 42 297 850 520 722 119 16 471 694 123 134 421 633 170 721 541 720 237 668 692 210 866 45 381 837 672 783 796 792 254 455 15 916 924 678 890 902 662 104 751 424 926 130 486 859 154 848 289 909 804 960 813 506 273 466 143 943 509 262 795 28 960 664 419 80 381 744 808 774 384 763 372 388 335 482 315 406 339 570 891 182 806 32 577 910 266 169 174 726 780 500 126 460 814 56 206 781 361 825 14 177 938 894 366 667 76 409 652 446 773 631 735 583 222 633 342 38 626 606 838 70 915 59 585 147 252 242 967 317 103 321 274 944 220 209 673 793 839 856 380 804 633 651 663 428 528 716 180 393 373 742 437 879 325 864 547 22 257 959 82 719 54 179 64 47 63 635 584 336 870 850 641 99 862 337 575 809 555 473 799 834 292 248 322 173 855 294 484 344 451 58 420 556 137 244 92 9 494 822 204 603 403 503 748 887 167 235 460 516 645 13 449 150 333 248 785 120 740 897 801 674 551 93 818 729 598 88 873 113 957 256 914 300 919 625 921 214 167 234 228 950 695 312 731 282 250 231 122 833 945 754 723 6 889 277 836 314 141 230 885 356 199 303 537 745 115 867 738 57 243 656 142 941 623 627 101 515 82 620 400 605 405 782 114 85 415 746 94 355 109 281 689 557 867 932 940 125 571 492 883 811 618 840 540 819 283 434 708 102 402 633 391 634 161 686 495 610 168 737 202 111 304 458 756 530 441 707 485 782 144 207 844 323 545 869 178 783 46 648 760 539 581 229 386 221 761 432 612 592 87 5 191 933 271 251 778 278 824 521 600 918 347 8 434 128 647 892 622 208 599 259 225 954 878 403 702 457 293 476 543 849 700 896 738 609 560 636 71 499 907 276 711 765 865 73 414 807 68 18 330 701 558 732 238 886 637 75 572 288 2 194 822 812 44 459 155 704 53 863 291 564 853 159 219 563 898 846 655 782 574 497 164 445 86 196 917 377 569 487 573 30 203 279 239 951 107 131 790 739 280 346 715 842 642 630 319 367 510 12 791 197 757 227 524 771 588 803 697 525 498 263 436 867 433 306 676 410 394 332 183 714 713 190 34 378 687 832 858 857 507 138 464 26 425 747 746 3 61 927 574 474 305 670 295 613 165 617 387 358 211 97 287 699 260 749 268 308 876 298 604 440 501 679 422 822 62 847 140 810 527 488 531 145 357 158 186 488 480 669 845 397 287 852 481 522 493 826 360 899 223 666 817 275 491 412 146 448 401 429 549 865 529 187 4 705 683 348 269 590 55 449 693 677 901 118 788 628 65 247 40 166 477 315 217 43 888 253 460 534 479 601 911 548 264 199 52 841 893 460 962 449 680 855 153 435 901 690 646 734 478 453 112 176 25 318 769 456 199 149 438 827 952 966 10 472 942 730 287 780 362 135 753 955 423 296 133 320 351 523 953 765 616 823 381 331 802 902 442 349 559 48 559 353 948 338 299 431 913 241 698 189 589 169 136 389 232 821 270 463 1 789 368 452 526 124 935 829 364 649 33 180 777 416 798 508 356 39 566 554 284 772 805 462 216 192 490 880 594 657 828 309 767 376 496 725 67 930 354 742 480 499 593 565 328 236 66 764 854 675 212 562 925 908 659 710 20 597 644 41 514 519 582 172 611 106 934 359 639 717 352 536 316 359 307 718 27 7 874
573
270 265 160 561 278 510 34 72 184 311 257 153 383 117 515 502 185 329 505 232 254 237 343 321 317 264 369 277 118 372 467 220 532 514 127 79 504 186 304 45 323 536 535 138 482 285 373 161 170 236 146 570 37 447 549 394 126 365 194 96 513 292 416 167 187 150 98 392 136 387 159 342 29 112 234 240 495 6 233 51 222 405 272 263 421 192 36 228 210 450 105 20 310 349 217 545 178 409 256 327 356 422 215 473 341 85 213 255 408 388 171 544 398 497 524 336 43 348 97 417 11 361 415 156 193 172 509 441 2 567 479 154 107 180 377 135 465 89 553 433 382 337 345 555 87 469 261 314 64 70 471 201 139 537 191 162 424 229 58 300 40 573 445 428 223 17 439 114 103 483 521 151 531 173 554 143 108 386 164 487 340 200 494 102 287 218 19 375 359 4 93 395 374 59 380 486 328 132 449 456 488 397 411 490 437 480 60 454 109 244 419 243 367 82 202 176 516 526 92 196 88 330 503 81 86 481 15 181 566 283 83 512 142 333 269 53 57 169 290 71 423 448 207 95 124 506 225 522 528 206 559 444 80 39 177 352 368 144 209 259 325 104 84 432 239 271 291 208 476 165 5 7 335 475 452 219 148 266 312 195 204 289 357 334 338 42 389 260 301 275 457 62 224 407 296 54 438 501 560 540 282 460 141 436 498 307 541 412 393 551 474 443 274 547 190 94 511 431 27 149 571 517 470 390 425 491 455 363 538 183 293 32 140 22 116 100 188 30 519 221 91 8 74 496 493 90 238 242 279 533 197 99 572 21 326 347 252 123 189 212 385 468 9 166 67 525 523 316 478 404 527 13 563 294 145 485 69 49 101 360 268 461 302 391 319 413 198 247 552 477 131 227 273 56 110 214 379 492 371 464 65 262 344 1 297 157 427 305 76 569 399 370 50 113 106 539 280 557 211 459 358 472 241 158 147 508 453 230 284 463 68 556 16 351 376 354 286 446 320 111 128 78 121 462 313 396 324 73 353 130 253 129 350 115 309 565 548 258 339 46 12 179 518 507 137 362 499 466 451 250 402 434 429 119 163 543 295 122 355 41 430 426 378 35 63 332 418 410 18 281 267 562 231 331 435 48 24 288 31 542 203 530 308 10 205 440 558 403 175 442 25 276 248 216 318 235 322 306 520 420 55 199 133 23 546 38 298 484 245 75 174 33 120 52 226 401 66 489 77 3 14 500 44 381 568 366 299 384 47 458 303 414 155 249 550 26 134 400 251 28 315 364 246 125 564 406 346 182 152 534 168 61 529
400
4 18 46 22 272 69 217 222 203 271 328 360 257 274 323 298 200 241 363 23 350 96 150 357 261 126 259 63 127 226 248 51 174 288 30 67 276 335 342 232 240 74 98 154 302 227 149 66 307 386 316 234 314 129 25 52 189 68 240 332 224 286 171 222 208 320 306 207 89 378 95 399 219 351 301 7 348 50 245 156 44 62 111 266 386 385 21 180 325 231 267 145 102 327 348 152 271 297 221 70 79 28 99 55 377 333 218 126 382 67 214 115 35 29 195 193 296 355 250 289 312 327 400 263 287 34 169 160 353 238 229 92 255 183 285 112 373 147 181 10 370 198 104 166 136 139 1 247 58 293 192 358 312 144 314 302 134 257 330 233 148 395 317 107 147 321 81 349 86 59 177 383 328 3 128 137 32 202 50 128 388 366 338 192 155 313 303 396 392 112 270 16 256 386 141 352 96 186 213 341 90 140 13 386 194 24 130 384 68 88 100 162 365 191 246 301 376 322 391 380 105 362 168 201 165 211 218 297 219 91 324 294 47 28 215 35 260 163 54 400 11 55 389 120 35 305 343 273 132 143 64 244 342 399 49 336 394 5 210 379 220 65 133 83 312 157 291 42 159 178 76 262 282 344 235 303 71 337 124 393 128 26 126 58 359 172 290 15 14 19 20 40 125 142 100 269 390 94 161 190 39 37 319 135 398 103 42 124 230 149 140 273 24 216 297 6 57 316 340 132 265 292 269 225 335 302 185 237 102 106 306 73 368 201 119 230 356 213 286 369 79 36 212 239 206 151 376 82 33 146 118 400 280 243 264 117 114 60 251 397 264 252 84 149 381 170 125 17 151 205 254 253 75 24 273 2 9 285 360 87 81 287 308 71 256 224 392 43 30 27 223 235 182 258 72 343 56 299 48 80
873
81 534 248 617 431 491 85 592 630 524 417 234 755 654 735 743 793 759 776 761 147 771 185 867 636 614 526 112 681 603 565 736 392 137 463 440 798 508 80 66 420 712 91 13 278 634 843 513 200 601 461 792 757 606 674 224 27 94 547 653 845 575 787 143 663 766 243 308 786 830 5 84 604 334 518 679 265 443 26 238 313 854 532 72 646 750 705 631 167 812 844 562 637 710 387 216 684 693 90 818 241 435 652 31 510 687 676 367 796 309 284 804 675 73 222 75 573 758 385 854 644 102 219 119 670 152 819 457 188 833 831 195 626 87 504 318 244 311 516 72 360 22 820 339 128 57 111 627 724 331 648 61 542 100 353 574 89 154 310 54 105 83 211 660 347 136 422 415 88 395 163 330 571 591 264 70 803 291 203 442 828 838 704 748 210 729 186 175 193 245 274 640 336 324 294 760 800 871 846 527 17 523 868 362 317 500 639 263 79 164 723 158 69 552 353 695 806 169 567 305 9 859 650 411 53 247 377 801 77 522 307 184 490 306 441 533 433 649 618 506 370 740 511 561 584 450 221 781 789 719 728 207 122 434 690 540 258 642 103 715 405 303 181 698 68 795 836 808 124 566 444 783 191 799 764 481 327 344 805 772 226 489 503 702 266 484 107 586 414 777 346 252 205 837 709 253 629 146 170 321 611 14 400 55 825 580 250 682 744 769 276 421 293 23 289 45 30 125 374 757 768 328 139 857 464 3 502 144 407 194 531 67 10 277 493 148 155 335 530 4 16 632 123 256 142 851 426 624 822 127 118 199 663 134 56 30 225 41 98 168 572 778 576 165 198 429 856 271 797 655 686 672 425 713 345 677 235 762 177 643 664 372 645 829 410 352 538 745 478 351 46 559 842 304 662 332 488 359 201 782 668 408 807 471 179 104 172 262 813 396 319 317 29 1 732 718 872 371 209 84 132 323 292 861 416 413 543 597 178 215 495 449 688 315 496 39 6 342 557 375 427 423 275 839 826 473 525 18 475 437 34 791 482 691 477 446 8 236 259 93 71 368 667 113 108 582 314 726 63 182 358 541 529 445 270 183 406 515 466 231 269 281 711 192 850 512 78 384 615 418 204 605 716 402 338 587 607 227 689 251 403 749 666 325 341 401 386 15 536 37 773 860 456 129 272 380 628 382 638 609 48 701 823 785 588 364 594 824 174 848 239 240 837 568 514 505 549 343 217 153 140 697 548 535 99 161 50 7 33 809 121 32 59 545 766 779 780 299 770 151 302 598 741 58 492 19 827 419 28 176 578 519 873 206 171 727 436 563 665 109 870 589 86 361 138 738 793 546 385 376 120 669 202 430 451 381 298 746 388 452 454 237 76 51 722 11 869 480 707 383 621 297 398 600 651 747 97 692 479 814 316 832 754 811 560 218 180 101 232 717 855 847 160 579 599 390 257 659 753 285 551 645 333 863 143 613 821 189 165 286 159 92 678 832 623 326 290 220 625 685 20 301 354 570 585 725 378 448 641 282 349 558 255 462 501 394 391 651 790 721 593 389 312 49 470 273 569 763 166 774 633 622 517 703 283 498 145 214 2 673 765 47 602 340 212 187 365 190 267 197 864 671 555 460 213 608 610 467 141 553 296 369 708 683 40 485 756 82 114 208 228 834 43 320 404 439 619 734 680 696 135 658 62 528 106 539 509 74 577 96 483 459 458 42 815 733 674 840 447 173 656 453 767 288 635 759 150 44 230 521 24 65 520 254 186 337 279 149 835 159 807 60 36 397 729 468 110 329 379 455 858 126 359 410 706 862 249 730 300 802 21 355 742 499 554 409 407 817 116 544 350 322 788 260 649 564 486 363 52 657 133 849 612 737 412 229 751 583 853 162 196 265 476 775 428 131 245 794 424 38 497 731 472 432 865 556 268 581 739 474 12 700 494 316 487 661 295 280 95 287 647 357 156 356 399 694 595 223 465 714 469 64 157
50
16 20 39 38 49 14 32 16 49 30 26 19 16 22 5 18 5 16 25 50 4 41 45 27 46 11 45 31 39 10 28 7 44 21 4 25 27 4 3 22 22 26 11 7 27 25 7 43 9 28
1000
11 119 57 751 963 361 19 564 696 35 739 191 837 424 859 451 888 845 384 789 435 958 454 924 997 675 966 102 114 684 530 404 587 219 254 975 103 706 555 625 233 991 697 681 918 650 311 286 608 769 6 645 153 779 931 982 172 161 465 380 9 323 800 554 297 700 294 524 640 594 120 923 760 308 583 342 222 679 212 664 157 226 728 194 936 531 432 823 81 782 832 507 23 317 620 364 926 91 151 63 457 239 127 450 981 242 601 855 170 346 279 897 515 54 565 912 978 273 754 314 471 649 185 545 416 508 320 576 137 605 159 186 955 50 826 305 180 719 648 60 962 132 609 211 606 607 393 22 914 426 558 637 539 869 47 874 973 868 240 275 816 590 26 133 41 933 726 162 506 200 535 582 165 971 37 504 257 460 987 723 763 956 223 4 758 73 901 977 203 858 378 788 462 104 801 209 883 390 469 246 213 928 255 227 793 204 791 142 236 906 884 759 224 414 466 46 709 442 363 8 881 483 571 615 701 433 112 467 107 529 863 775 188 941 395 577 56 822 585 480 537 411 15 787 542 75 84 850 842 40 87 568 43 654 894 477 449 768 708 885 505 365 344 890 474 146 854 557 651 575 374 156 215 271 464 263 574 468 135 598 621 893 589 210 527 438 109 843 277 401 698 182 268 392 922 484 979 950 175 470 444 740 738 357 408 299 623 839 514 166 171 665 97 168 989 68 965 865 1 216 144 513 13 316 661 206 456 253 663 88 880 796 634 707 580 248 879 355 867 362 126 588 729 183 748 927 265 419 192 752 716 252 300 870 197 72 940 208 821 339 489 289 934 942 220 687 174 992 830 178 517 31 695 825 160 857 878 512 94 917 326 519 671 930 345 422 482 686 715 699 804 190 948 79 92 536 633 295 849 985 288 121 915 280 283 783 689 862 705 534 717 635 972 42 846 612 150 379 636 644 815 461 340 840 632 841 770 201 21 543 591 848 108 676 269 116 333 968 627 154 657 335 430 324 710 2 493 472 817 944 988 764 559 377 834 672 959 98 238 169 199 828 163 28 986 100 370 604 667 184 498 313 181 516 499 921 36 690 329 488 372 497 423 983 387 481 490 833 343 202 847 602 886 459 538 905 766 177 909 312 62 385 572 96 889 492 767 80 984 916 351 332 244 25 428 487 805 328 29 383 101 548 831 920 949 595 368 293 961 71 743 53 282 541 584 642 771 349 256 434 656 509 798 526 128 998 105 136 658 614 278 553 996 307 666 359 773 331 797 386 388 891 164 453 30 486 251 496 780 501 835 674 712 420 187 597 298 258 969 900 945 407 176 628 827 427 532 39 229 908 443 746 16 713 241 724 765 685 234 593 195 967 348 463 86 58 655 406 350 397 781 744 581 521 937 929 478 76 337 814 70 503 668 106 702 429 476 193 852 864 736 369 491 431 616 218 198 10 999 110 762 853 118 875 872 802 352 391 225 622 285 776 578 322 83 52 639 134 525 410 33 412 954 680 896 500 89 960 445 552 799 812 755 952 45 786 125 158 327 400 806 899 353 560 803 546 495 65 12 549 561 904 113 111 570 792 141 270 330 145 274 777 735 925 421 653 173 721 117 957 638 272 662 306 820 774 579 946 409 691 347 964 732 683 360 592 439 155 90 402 745 479 844 78 750 266 599 309 228 189 319 895 993 720 673 523 115 556 230 618 856 851 910 756 742 148 749 860 93 913 778 785 366 660 67 547 611 437 405 139 836 813 262 167 458 629 807 292 911 596 446 829 502 808 381 818 932 249 205 452 902 646 143 703 809 586 939 138 196 677 737 24 69 522 290 990 613 711 354 74 267 511 795 44 566 399 82 951 562 669 871 473 947 603 704 631 356 336 448 624 389 573 325 887 425 734 974 20 551 149 995 59 214 358 550 810 373 17 824 371 403 367 235 318 147 130 757 682 907 85 976 436 49 617 718 259 741 903 287 1000 51 341 3 652 475 231 447 55 761 441 129 533 418 882 953 659 302 375 730 725 152 376 892 970 179 124 714 567 250 610 5 569 413 34 510 27 77 520 563 994 727 600 619 284 123 876 528 919 772 866 455 304 99 692 819 694 48 630 518 338 245 95 140 733 247 310 61 261 494 873 394 417 753 243 334 935 747 396 647 303 794 131 440 217 14 688 38 281 122 296 670 693 221 64 838 398 66 938 544 415 784 264 898 485 722 731 861 811 260 626 643 540 232 291 678 877 301 321 7 943 18 32 315 382 276 237 980 641 207 790
59
37 23 5 49 39 9 54 41 11 50 34 18 1 57 44 58 6 43 33 35 50 32 29 3 27 37 47 45 8 58 15 42 22 14 2 46 19 24 48 13 21 40 57 25 10 36 55 56 53 28 10 26 19 17 59 51 12 30 12
100
7 17 98 12 85 94 57 99 14 76 6 50 41 91 72 2 10 13 84 80 8 69 48 46 53 97 26 79 18 40 15 27 61 68 42 78 32 30 44 82 90 5 35 88 1 77 64 100 39 70 36 3 60 28 96 89 74 34 47 56 95 66 22 54 23 73 83 31 25 86 81 49 92 37 55 45 21 93 62 52 4 71 20 9 24 59 38 29 58 19 87 67 43 51 75 63 11 65 33 16
1000
821 44 990 107 787 770 846 193 59 537 166 143 347 490 70 425 902 751 66 985 540 100 612 20 736 660 927 346 480 479 494 644 706 963 32 731 511 670 775 948 509 393 9 379 605 403 547 891 6 794 919 493 517 718 337 618 244 679 793 85 399 218 439 815 521 273 201 918 514 593 839 501 890 533 813 441 817 345 464 69 339 638 929 406 112 118 268 598 994 342 136 329 389 229 187 478 200 507 288 512 62 448 484 914 687 91 211 546 384 984 325 179 552 525 434 645 702 139 750 554 219 117 18 729 467 786 875 220 446 180 171 549 842 471 968 773 719 499 33 410 266 524 105 435 331 122 161 966 796 893 999 703 302 641 654 287 37 652 979 595 805 456 959 696 667 142 98 634 502 272 812 305 615 520 510 362 717 341 104 934 324 150 889 497 321 753 711 716 810 368 47 402 941 686 548 303 295 52 148 1 110 487 311 663 915 910 664 688 668 72 454 824 358 676 872 269 1000 610 823 313 430 986 474 55 513 734 398 837 289 690 11 262 314 90 553 724 217 572 768 788 46 428 681 225 258 848 149 568 819 721 370 532 468 856 642 427 74 409 550 65 284 298 61 111 530 766 764 885 943 539 322 531 355 944 451 771 851 315 330 551 80 183 578 895 903 982 24 973 30 5 40 536 860 955 99 761 961 653 151 126 680 10 570 395 816 82 673 592 238 285 213 371 998 733 671 962 958 695 728 170 662 89 257 299 485 865 119 283 643 656 964 908 746 989 886 526 447 601 254 29 689 847 140 265 356 564 372 495 629 264 650 429 378 232 737 443 158 397 205 103 602 806 396 970 116 86 900 418 294 115 22 712 709 83 304 191 754 758 508 967 947 361 778 597 858 465 377 735 666 353 207 387 60 802 563 153 772 907 888 138 376 113 621 162 685 669 243 779 969 249 131 486 360 34 492 515 279 863 390 380 826 884 829 206 901 505 995 41 904 49 713 571 516 182 63 957 423 647 455 230 323 36 558 830 391 576 135 640 181 308 776 175 12 17 426 152 77 317 163 881 838 869 992 421 263 857 88 960 606 39 357 132 296 414 457 879 937 726 246 267 807 144 556 274 319 242 559 808 459 665 130 297 293 769 749 747 415 328 763 527 212 168 648 28 31 917 745 491 157 202 988 500 26 253 318 752 661 125 84 755 715 926 282 300 655 639 476 364 804 178 204 954 543 23 935 831 798 557 573 281 291 422 155 292 575 974 411 590 167 307 176 327 594 694 836 224 424 210 2 445 616 692 408 795 949 586 375 239 841 691 529 777 352 538 633 759 931 460 882 534 565 332 675 388 172 16 367 852 233 946 938 432 632 868 75 354 438 270 71 608 850 38 412 866 566 569 920 714 48 762 301 740 603 197 921 760 905 419 209 343 784 431 350 609 682 581 723 394 876 916 312 932 707 374 953 102 483 488 506 909 862 981 344 897 184 385 843 732 877 14 561 626 528 950 699 400 477 896 280 472 861 637 194 482 923 195 137 13 545 617 827 684 835 840 658 589 705 522 208 623 245 828 742 129 363 469 261 580 56 620 659 880 708 574 853 871 912 147 604 442 939 340 87 792 450 518 765 913 50 803 458 596 781 94 585 416 991 631 133 386 227 922 870 672 123 544 498 228 820 600 867 987 542 214 108 67 855 859 928 192 567 277 221 799 622 351 677 976 624 185 473 73 466 226 250 738 433 942 710 128 198 756 892 628 165 535 164 965 911 874 697 21 271 613 255 349 124 404 757 27 704 791 235 15 774 461 894 189 335 725 978 993 286 674 64 800 975 256 68 310 956 832 97 95 475 392 560 588 983 96 925 215 678 583 247 437 4 449 636 79 369 420 657 190 739 878 223 996 276 741 698 359 587 844 503 924 154 782 169 236 452 720 496 320 338 234 834 248 898 54 825 801 405 407 625 19 121 977 489 789 743 174 614 849 780 440 980 519 241 203 252 278 145 93 259 336 591 649 462 599 186 945 109 199 237 134 811 127 196 730 940 333 316 504 382 373 309 231 818 463 42 92 833 887 790 972 579 35 584 630 541 797 114 25 936 159 290 381 43 222 845 997 76 864 701 577 348 101 51 635 933 146 173 651 481 58 436 306 627 53 78 141 453 785 470 854 582 814 883 523 160 809 8 619 334 906 326 722 260 727 383 106 555 607 562 899 952 822 748 3 156 767 275 611 7 366 177 930 251 444 783 57 971 700 951 646 693 744 240 873 413 401 45 216 81 417 120 365 188 683
51
13 9 10 28 19 48 51 43 28 41 12 50 20 46 21 39 16 42 41 17 44 3 7 37 23 6 5 38 33 11 25 49 24 1 31 47 34 2 29 32 10 22 9 26 4 40 45 8 18 36 27
320
243 207 101 113 227 261 141 3 121 81 26 142 267 261 313 57 247 310 135 255 301 263 277 249 303 4 281 108 264 246 9 268 64 276 160 31 138 2 155 53 55 123 51 73 199 141 167 306 15 75 280 257 174 81 266 164 135 189 230 152 201 302 288 58 166 59 171 250 211 253 165 236 304 290 282 178 81 83 267 97 275 210 293 275 320 36 279 5 292 132 89 144 10 132 299 162 296 156 288 236 295 49 128 216 205 31 134 80 282 305 145 103 118 206 116 129 241 94 27 165 82 256 169 28 69 93 102 259 159 211 310 153 161 286 251 297 110 159 226 274 317 307 164 8 191 247 208 145 47 281 248 113 27 319 173 151 245 178 187 5 207 18 225 35 177 209 130 232 41 202 33 296 52 228 311 298 291 301 109 263 78 258 66 259 83 253 243 258 197 29 192 42 234 157 120 185 183 219 139 34 221 115 98 30 168 245 231 244 237 190 242 92 75 115 291 254 67 69 316 34 32 139 39 55 66 20 112 104 162 220 114 14 204 73 267 89 289 103 288 244 55 43 140 124 49 99 62 79 213 78 269 268 233 175 306 285 137 134 284 87 111 77 170 2 261 236 21 180 212 232 87 11 285 219 217 262 318 74 223 193 278 272 315 23 146 45 313 176 253 12 135 105 283 245 229 186 35 147 220 252 309 56 69 250 203 40 50 71 223 195 258 48 86 178 149 61 286 285 96 221
200
165 15 65 52 98 189 188 130 47 191 86 74 54 38 46 59 175 195 170 127 16 178 161 169 78 106 88 31 138 77 53 173 125 41 57 139 95 37 170 158 36 15 75 46 117 122 53 88 138 53 79 27 42 147 167 90 121 53 199 47 142 65 11 176 124 45 55 42 81 167 22 63 179 173 79 122 125 71 83 16 8 28 75 51 193 153 155 181 158 91 182 73 64 53 94 157 200 103 97 178 108 73 1 119 149 13 60 83 184 148 77 2 67 136 185 87 92 193 41 89 75 197 197 112 9 22 45 127 176 163 180 194 14 127 130 6 179 154 159 97 142 169 157 126 140 127 170 23 23 127 13 142 172 75 68 88 110 167 22 94 164 124 133 148 57 92 35 87 141 132 189 40 176 81 51 145 187 68 107 8 131 157 29 31 81 173 36 73 114 49 6 110 54 150 129 58 104 50 194 50
1000
640 56 340 534 594 317 756 385 180 296 51 585 483 502 566 94 166 562 793 753 268 563 708 400 398 42 287 434 485 1000 868 271 689 45 691 840 555 254 95 425 384 818 897 891 884 975 847 577 130 80 811 394 390 535 898 2 959 757 516 936 863 251 807 830 572 571 409 504 941 167 93 973 641 656 739 711 537 703 896 259 175 758 675 823 760 864 433 328 124 951 892 119 327 16 39 183 744 681 418 773 657 985 131 558 429 207 598 709 881 878 843 218 601 158 189 531 225 173 92 457 437 365 580 232 867 918 9 208 755 17 103 217 319 179 204 776 848 832 314 181 176 480 127 75 873 754 928 346 525 344 569 431 84 846 274 544 55 578 749 250 54 574 156 771 304 730 491 301 862 727 526 781 118 814 81 456 347 550 24 532 140 279 96 839 106 952 926 564 725 177 648 866 495 987 809 841 105 549 956 912 284 746 247 135 441 980 992 128 622 865 243 361 72 522 466 231 386 266 616 369 695 153 899 921 796 728 967 876 552 362 216 473 293 610 63 741 436 292 786 603 861 766 211 679 964 224 203 290 91 160 62 222 490 38 726 510 300 909 646 50 855 794 733 286 944 245 927 21 813 335 32 768 359 906 942 489 150 958 623 190 815 752 957 201 157 264 151 463 477 248 722 859 233 919 684 685 547 469 635 257 168 467 628 165 883 252 447 773 334 604 560 524 852 161 605 789 6 982 133 541 443 808 747 407 395 677 644 88 828 887 696 655 34 309 115 963 47 590 650 3 620 979 831 249 438 354 592 905 338 187 764 114 998 966 935 452 378 493 273 715 212 230 805 621 122 683 790 576 486 315 826 787 561 272 649 451 220 445 698 948 673 788 494 41 651 15 900 496 972 53 377 138 85 29 325 934 913 25 112 632 277 665 914 548 700 459 324 427 67 553 627 446 513 484 971 645 638 226 77 802 844 804 983 763 40 999 408 740 812 924 969 460 87 421 845 237 121 358 693 536 791 694 321 370 297 412 307 570 661 530 376 52 428 357 246 965 591 886 406 432 195 734 837 871 889 256 302 783 163 853 629 997 720 705 954 940 289 890 736 795 877 584 125 71 792 667 70 142 276 253 833 538 642 383 120 332 588 671 916 908 597 14 636 68 943 664 417 193 674 872 729 652 413 113 630 59 372 542 799 743 838 312 349 920 579 171 932 978 238 450 116 389 672 4 595 440 235 240 234 352 320 557 474 933 617 976 132 371 198 178 69 995 410 263 37 662 27 104 782 282 717 18 500 288 200 984 528 939 374 737 66 65 615 162 639 368 48 388 31 123 712 567 806 482 724 659 593 497 707 860 405 647 192 968 938 514 501 107 699 931 299 214 602 310 962 426 767 155 981 404 702 854 609 800 573 219 613 901 331 341 197 589 146 375 836 874 411 303 471 515 989 784 379 668 311 503 721 769 575 1 73 367 851 816 902 322 654 191 770 339 670 512 8 209 387 74 101 660 586 658 449 904 990 506 402 19 186 144 380 551 801 419 624 509 83 819 326 688 244 923 98 719 366 295 416 917 735 129 33 710 35 229 439 442 221 893 996 498 599 949 308 464 337 821 678 298 785 23 108 690 76 581 817 915 529 718 391 716 682 663 637 291 850 596 545 255 170 281 511 333 775 937 706 462 687 479 974 227 653 260 858 961 520 97 582 202 323 842 453 61 856 356 20 270 345 7 58 82 907 505 946 888 424 351 834 242 607 100 455 213 164 870 308 22 731 136 977 13 508 869 172 559 468 444 149 239 554 382 316 539 686 306 399 262 633 745 152 556 519 614 205 420 751 143 363 583 117 993 159 882 910 26 269 174 89 762 713 714 676 885 857 994 701 986 950 797 970 329 393 64 343 704 86 765 90 625 141 521 184 36 196 748 111 11 435 154 930 137 79 723 643 134 470 612 517 364 210 894 606 778 241 169 475 350 401 565 392 487 780 772 454 669 145 626 880 228 481 110 955 875 109 810 305 829 820 458 330 634 465 478 44 803 540 461 911 587 43 265 223 750 618 49 925 523 348 666 759 507 353 188 895 738 397 403 774 499 78 126 294 448 922 533 945 430 903 608 267 147 991 313 600 798 185 396 492 60 732 611 568 476 381 275 779 680 12 761 148 236 827 825 488 527 692 285 879 199 283 278 57 988 742 258 336 215 953 360 518 835 280 947 415 355 849 139 46 546 777 414 342 206 373 318 423 10 102 824 194 960 631 261 929 619 182 822 99 697 472 28 5 30
871
508 263 150 97 523 282 174 568 870 655 527 184 748 789 371 762 190 853 390 133 128 418 311 252 526 418 168 290 195 715 117 132 457 525 299 536 215 275 619 359 176 7 654 220 719 268 346 617 781 553 821 520 574 644 653 256 549 303 433 114 637 476 69 101 744 769 20 170 652 232 155 542 591 363 731 641 483 560 219 843 83 231 185 792 479 680 143 410 6 441 22 690 427 373 612 138 235 378 380 573 467 336 172 638 376 350 327 584 415 41 401 610 854 300 249 54 693 158 784 279 149 293 849 33 425 157 74 31 116 40 260 667 520 61 578 453 306 276 197 806 98 609 189 777 440 647 187 321 664 585 233 824 650 292 868 659 191 377 323 767 353 317 144 160 780 375 757 811 687 29 640 284 230 22 402 517 259 356 368 355 839 510 11 152 614 813 308 514 727 619 651 776 720 312 347 660 464 421 420 562 437 613 136 548 14 196 131 95 104 779 530 643 653 443 30 541 294 319 713 18 245 166 227 507 330 406 539 665 409 669 658 484 747 732 205 203 153 111 341 332 783 257 586 105 283 374 678 169 576 608 106 634 632 801 810 582 753 597 238 500 511 369 756 79 556 171 460 803 682 159 183 845 442 775 240 477 430 683 535 846 871 265 581 67 398 760 1 2 92 112 615 600 825 214 360 493 677 698 485 858 860 13 869 258 199 538 304 709 620 745 188 852 681 4 397 142 340 239 125 241 365 109 486 670 130 764 867 530 154 151 685 844 704 161 579 572 607 72 793 351 44 645 459 445 424 5 721 37 163 164 736 529 707 90 157 847 618 326 200 25 832 413 491 452 52 343 455 80 766 786 710 120 54 809 100 863 724 566 829 656 298 524 63 723 831 642 679 73 534 438 435 823 307 583 532 856 70 291 94 691 318 51 21 408 367 748 76 191 288 381 448 626 271 513 751 395 167 216 403 295 181 39 752 688 88 509 590 225 493 253 349 389 834 592 628 36 393 45 289 768 501 126 135 334 746 503 267 254 15 816 89 603 162 708 139 333 711 835 621 458 269 758 700 354 47 202 838 739 833 242 121 376 636 87 472 243 718 743 53 730 589 71 741 865 836 81 488 178 791 596 417 93 464 446 461 587 223 119 545 84 274 738 222 207 799 364 400 302 575 305 546 59 706 55 692 565 122 498 9 630 570 234 99 129 551 49 601 558 342 50 439 863 337 331 198 496 696 82 750 728 264 102 148 103 8 828 505 396 857 266 588 633 58 668 755 855 236 329 850 280 725 3 721 64 490 726 512 705 432 285 800 604 46 580 761 648 819 214 201 146 224 335 519 192 714 808 399 411 773 681 827 444 194 454 278 818 443 782 344 206 118 470 55 281 480 272 785 228 822 145 555 10 778 85 599 32 673 533 190 385 492 173 598 296 116 657 451 310 794 737 449 759 662 742 175 286 141 338 404 675 804 248 602 463 134 695 313 504 158 740 115 358 23 324 221 625 379 765 540 314 16 244 108 322 156 812 697 465 246 864 563 394 386 616 462 428 631 516 474 431 856 110 450 567 180 12 250 212 703 717 339 689 434 204 771 774 147 550 770 177 571 277 861 34 563 107 26 50 27 547 577 405 729 734 247 661 627 407 57 297 384 28 663 795 671 629 814 17 91 66 315 837 859 787 211 419 193 456 797 262 495 217 623 802 817 348 124 556 301 515 506 19 639 468 481 842 531 674 487 798 127 649 392 552 391 52 362 522 273 357 60 701 68 826 815 561 210 42 841 733 716 422 830 213 387 412 62 712 807 502 635 569 866 226 251 316 345 65 606 788 564 366 466 261 77 218 186 179 447 361 140 377 24 735 113 35 611 478 543 684 352 482 840 383 416 862 182 763 494 772 593 38 754 43 497 686 694 499 805 328 270 320 429 554 237 475 666 388 851 309 528 594 382 749 672 86 544 605 646 624 518 559 78 48 702 56 796 471 96 287 436
100
98 63 76 77 89 5 9 4 52 58 9 14 18 3 53 6 68 11 65 61 84 9 71 66 30 47 73 51 71 21 26 58 62 75 97 73 64 1 2 56 26 74 10 59 54 81 50 75 67 67 15 19 4 28 50 43 35 95 93 16 40 60 72 93 37 38 25 18 2 94 33 99 69 13 88 24 67 73 57 11 85 84 78 57 31 63 42 55 96 66 29 74 75 54 83 12 87 81 70 92
10
3 5 4 8 4 1 6 9 4 1
100
49 99 73 55 41 21 43 18 53 77 85 51 35 22 91 32 53 9 76 52 68 57 47 23 98 61 69 29 37 48 92 6 34 82 31 59 33 46 25 25 59 12 74 6 61 60 73 7 50 86 2 71 64 76 75 11 30 32 13 81 72 95 84 4 96 20 86 88 1 45 15 38 63 14 100 27 58 57 5 30 70 56 36 87 28 19 95 10 28 42 97 79 96 81 24 20 93 90 25 18
20
14 14 15 8 6 17 15 6 2 13 20 20 15 3 2 1 19 14 13 19
3
2 3 1
100
67 88 87 93 10 29 92 81 70 7 64 74 45 32 55 52 69 75 50 54 44 37 10 77 24 84 54 98 65 50 30 53 96 42 86 16 63 100 18 41 35 40 82 46 20 36 29 2 59 39 31 28 11 71 23 14 100 90 22 51 62 1 72 58 25 8 2 19 99 79 3 57 85 43 60 37 9 91 6 92 43 78 66 34 15 26 95 17 26 56 83 73 16 95 13 64 42 21 62 49
1000
456 716 202 861 643 348 200 18 356 602 106 51 626 588 357 382 384 296 979 96 956 703 893 5 267 237 289 880 998 915 966 76 718 697 949 93 310 636 461 611 254 197 970 475 679 742 144 290 311 745 12 882 250 216 991 519 763 933 65 338 102 808 557 369 59 146 107 728 218 74 547 118 95 70 546 32 911 621 542 990 864 743 677 233 554 983 813 981 48 604 725 538 551 865 73 820 737 624 997 768 534 342 724 827 935 11 67 801 567 343 906 458 965 924 972 688 922 376 964 726 856 799 590 171 846 633 786 308 432 630 774 256 635 23 434 270 205 479 817 472 208 196 341 320 462 66 714 322 778 385 823 897 708 293 404 888 4 987 564 178 878 307 231 126 592 477 354 936 815 487 124 852 120 683 229 947 474 160 259 335 104 403 649 789 467 841 423 682 277 488 767 929 108 976 586 142 863 545 489 788 20 222 3 177 137 132 939 173 285 424 902 896 733 550 730 54 693 364 24 523 42 978 323 555 640 328 973 860 175 750 163 822 84 771 617 927 26 769 575 569 892 605 388 247 217 464 181 859 613 53 288 481 174 41 942 891 291 408 179 792 977 419 13 937 228 600 25 787 186 568 511 884 957 752 781 644 189 662 40 430 405 838 764 807 209 83 661 286 27 426 305 141 257 35 136 283 414 914 685 926 552 913 670 482 912 380 522 128 518 37 49 63 572 777 738 721 925 226 776 182 757 148 223 855 483 206 64 574 241 395 499 806 740 655 180 971 251 52 647 365 143 663 110 824 869 999 284 765 686 669 623 889 156 167 412 140 15 9 994 839 648 818 761 480 165 540 463 652 191 918 876 974 699 595 524 381 996 566 418 306 127 16 828 759 150 616 199 243 874 606 312 984 784 985 330 210 145 263 77 573 459 485 227 155 607 798 622 258 794 435 276 532 529 297 920 881 785 379 262 870 149 559 187 812 1000 394 411 744 610 945 840 129 399 34 930 657 269 684 460 653 484 651 513 746 190 439 530 544 766 415 213 751 386 705 782 1 46 112 401 553 39 831 367 246 692 658 185 934 664 858 491 207 331 862 845 632 166 890 61 810 960 304 325 441 402 370 170 72 727 396 471 410 535 885 351 867 406 344 656 326 533 400 959 60 791 509 528 732 887 854 271 69 443 29 904 907 758 642 56 537 687 445 62 734 775 497 437 507 413 447 829 905 501 397 99 292 279 92 995 910 154 79 954 691 198 75 17 772 654 214 805 301 260 244 224 749 895 747 422 665 416 989 857 159 387 378 109 50 536 646 680 313 634 278 641 755 492 618 835 353 962 584 668 582 710 195 711 14 980 123 932 722 849 951 374 975 713 45 240 266 138 10 345 90 242 390 105 355 968 429 473 700 249 837 986 811 235 578 754 151 78 407 809 98 760 360 723 295 676 130 779 476 514 184 541 38 498 720 245 561 599 696 275 753 702 327 883 361 844 762 169 368 628 549 334 71 436 923 953 921 287 111 428 469 560 756 830 298 225 494 719 952 803 281 398 629 493 194 453 940 318 188 502 438 299 349 521 116 510 508 215 465 31 795 221 265 833 899 373 612 961 645 22 873 454 988 909 153 790 585 193 731 597 147 886 816 850 33 671 638 316 681 627 103 91 780 804 527 851 135 712 894 834 735 19 992 97 315 853 134 504 204 82 100 7 444 558 581 556 230 452 274 268 619 576 666 321 877 717 625 363 650 366 490 203 449 608 427 238 825 450 548 350 468 333 319 314 68 916 690 639 455 506 393 417 783 94 347 520 375 505 309 879 409 694 252 220 941 201 36 577 900 673 164 253 332 157 448 620 675 919 433 87 938 55 709 139 748 847 421 741 232 773 6 770 44 614 383 294 667 571 931 526 821 579 982 601 282 631 431 391 466 603 525 674 125 819 955 593 695 729 172 739 943 324 121 133 470 248 871 234 21 486 81 442 950 496 872 183 420 80 2 704 389 908 371 47 362 793 28 706 580 797 272 161 715 800 898 352 478 8 280 583 440 131 212 152 340 698 802 963 211 162 515 503 565 516 875 707 868 512 457 302 944 848 531 928 689 826 451 660 117 57 114 317 300 236 917 192 993 832 591 58 329 587 168 796 814 563 239 495 255 358 219 903 969 176 967 678 866 594 672 659 543 303 843 273 30 500 517 701 89 901 119 113 446 948 609 946 43 336 115 101 372 596 598 261 122 570 589 88 836 86 392 842 615 158 958 562 85 337 736 637 359 539 377 264 339 346 425
320
30 287 295 241 291 319 186 303 204 32 34 102 165 50 78 122 247 163 54 212 234 229 208 71 11 51 94 191 194 114 68 122 112 263 304 243 250 47 120 19 221 320 294 222 60 140 306 141 169 235 153 117 290 197 88 248 304 87 177 99 144 57 247 62 182 293 252 130 184 232 212 261 76 25 172 189 90 244 313 317 223 149 17 166 83 91 237 75 107 136 239 82 33 93 115 299 316 316 301 45 11 253 11 278 119 89 147 52 146 73 215 190 143 26 137 167 254 46 118 133 32 164 26 80 205 145 301 2 214 231 52 267 168 42 17 249 159 126 92 128 282 108 280 270 206 312 27 168 129 61 24 18 286 170 141 31 174 151 290 157 245 257 104 113 293 254 275 308 56 146 120 96 56 228 237 56 101 256 95 148 76 65 232 6 21 41 185 17 36 61 32 281 43 36 288 160 291 12 100 155 14 260 91 244 271 285 283 297 26 139 236 31 28 296 187 123 168 142 166 74 116 233 119 302 275 167 276 199 230 47 213 207 155 276 4 123 88 169 111 152 311 63 37 302 210 229 268 165 57 59 24 238 125 264 192 99 181 170 6 26 80 43 72 85 261 275 141 23 67 259 1 158 24 187 50 269 55 313 256 272 119 40 314 75 295 246 15 179 26 44 195 139 86 235 89 77 232 169 196 227 58 170 285 39 301 198 175 292 93 231 240 134 7 218 302 115 162 290 145 255
53
21 32 10 53 25 12 38 18 50 47 42 16 15 27 1 17 7 10 29 43 29 3 51 19 48 52 30 44 21 26 2 14 18 22 39 13 24 45 41 34 28 20 31 52 8 36 33 37 23 40 35 27 9
100
26 61 15 30 68 12 91 83 57 88 68 58 18 9 71 35 89 29 43 69 40 96 42 16 95 63 41 32 75 56 99 1 17 11 51 24 14 64 6 22 81 66 46 85 92 44 48 23 82 28 78 77 97 39 13 60 38 79 7 94 53 31 90 98 86 37 80 5 74 100 36 20 3 49 93 10 19 72 62 4 50 33 52 76 67 47 8 87 27 65 25 70 34 54 84 73 59 2 55 21
546
216 272 181 302 424 153 8 346 410 338 534 263 297 259 364 113 456 161 105 122 477 430 149 334 69 487 276 290 95 365 10 80 449 110 540 530 141 270 123 451 182 62 436 28 333 303 324 491 293 484 35 520 130 243 136 375 39 77 415 239 175 538 480 454 467 164 429 481 490 257 187 319 201 114 230 269 118 301 407 116 419 138 437 21 536 7 34 277 148 503 3 401 191 104 117 63 185 177 468 64 404 439 494 144 71 320 26 414 152 108 231 234 172 525 522 427 273 294 515 461 432 81 463 50 56 370 526 98 20 347 498 92 289 135 163 55 49 250 329 65 171 147 445 67 212 22 512 420 362 438 442 383 11 353 361 42 473 527 115 379 83 314 405 316 166 211 288 336 139 162 510 402 385 390 482 413 73 119 70 452 325 53 180 422 87 495 399 24 352 99 66 466 219 16 244 267 450 363 158 238 274 240 202 499 532 37 529 249 521 213 205 54 406 340 178 1 203 471 193 418 120 453 170 517 44 251 253 398 199 266 47 214 360 358 332 127 159 435 60 327 36 342 351 307 169 434 126 350 208 412 275 444 341 100 317 78 32 72 235 374 299 306 133 52 121 75 377 392 103 131 441 354 381 504 393 237 155 479 57 331 309 378 440 372 305 431 389 373 102 111 146 179 459 132 428 160 345 17 165 195 283 486 343 367 174 33 300 51 140 460 29 387 493 223 151 31 221 128 61 207 524 168 236 395 286 6 416 279 245 508 97 516 226 323 59 85 227 93 25 539 400 242 18 446 88 423 41 455 287 322 145 443 496 89 284 40 447 112 462 426 483 528 261 4 531 233 448 183 507 220 45 509 167 260 506 255 13 79 296 248 311 215 518 38 268 109 106 542 349 544 209 173 348 96 298 30 271 228 19 523 58 91 500 546 204 310 200 308 107 475 186 519 326 280 9 264 198 247 129 458 339 295 321 5 134 366 292 150 533 403 190 474 256 246 143 43 501 232 12 394 355 545 82 156 282 291 409 304 391 502 511 278 492 489 371 225 14 2 485 206 376 210 154 408 433 192 189 194 46 124 464 252 68 541 222 27 386 497 368 465 384 258 196 470 137 142 357 505 254 421 48 125 514 312 15 535 543 157 425 344 469 197 330 318 84 335 513 472 397 359 356 411 369 313 388 457 417 488 281 217 262 476 337 86 74 188 229 23 76 241 396 224 94 537 328 380 176 90 184 218 265 101 478 285 315 382
1000
448 266 653 313 737 213 408 117 829 860 394 346 799 515 965 633 324 747 370 339 311 438 397 567 782 662 611 252 936 778 40 135 402 637 321 283 853 441 295 31 534 328 368 106 675 399 644 452 619 466 670 435 372 612 554 195 896 888 327 965 639 444 908 527 800 334 326 428 140 654 763 183 482 468 898 192 454 939 959 842 931 104 151 895 676 482 262 305 916 520 27 20 329 961 223 155 426 314 355 767 547 522 719 82 786 103 189 417 391 142 216 470 882 422 501 488 8 944 545 640 266 996 240 175 614 545 734 320 251 670 276 769 449 116 175 696 439 780 785 449 35 110 797 200 891 975 948 35 152 103 83 59 848 197 96 589 627 555 729 705 191 935 375 842 695 685 725 621 544 256 860 639 963 884 86 701 801 227 985 862 716 355 72 610 577 360 273 660 107 437 161 759 649 301 651 849 154 864 802 658 875 657 783 889 192 648 115 688 894 601 784 785 195 538 859 715 365 863 165 669 168 149 95 381 519 815 178 704 933 528 382 50 772 279 798 389 643 986 546 123 964 709 879 300 542 927 965 424 901 361 129 28 971 475 934 170 498 650 329 951 681 87 149 91 775 321 356 602 824 457 408 526 187 900 436 904 416 884 733 353 663 563 756 721 946 932 552 525 967 388 126 618 1000 972 39 635 59 472 317 244 200 847 453 966 629 633 383 806 982 481 968 436 4 98 421 908 299 436 521 128 283 528 762 17 333 67 780 42 301 63 480 823 213 66 623 377 855 758 149 817 534 825 357 461 126 12 610 617 114 814 858 505 839 466 80 283 710 175 526 175 250 325 578 396 217 684 990 731 580 19 159 783 509 995 163 713 336 869 690 787 224 231 307 494 899 953 987 290 236 636 477 638 254 212 697 761 23 491 46 275 413 33 535 570 335 835 994 291 913 429 393 679 401 34 477 277 108 496 641 718 528 501 124 248 392 97 541 68 410 519 495 915 321 922 247 405 190 22 137 728 38 949 692 62 920 998 954 1 700 571 637 48 150 304 41 984 270 594 646 511 344 670 445 523 712 218 783 942 574 112 603 425 937 44 99 826 99 877 548 472 310 802 983 962 576 785 160 680 347 625 398 497 485 384 910 418 492 257 513 893 816 354 950 938 352 306 678 373 25 634 460 529 499 867 331 443 174 606 599 519 454 756 445 948 288 904 562 121 512 738 610 913 913 200 471 802 705 144 848 124 254 245 720 169 624 239 101 479 864 663 848 287 572 55 7 124 897 786 527 125 843 719 282 545 645 707 24 943 866 261 904 553 201 469 844 969 185 363 756 369 306 744 521 626 681 789 730 798 555 739 874 464 903 458 746 810 724 703 964 91 210 268 835 941 81 518 443 977 186 415 668 54 923 588 831 770 348 292 49 875 212 35 609 86 396 584 840 792 88 667 632 131 587 510 296 390 583 230 374 120 508 693 237 47 565 968 836 206 193 258 195 400 3 70 743 757 502 900 960 188 813 26 450 686 838 508 630 261 220 493 674 880 149 671 45 85 230 486 509 412 139 74 883 366 478 664 463 208 92 379 822 920 642 699 476 136 395 16 694 462 176 832 598 271 632 749 566 32 242 88 147 76 376 319 174 181 205 420 305 543 327 828 740 597 167 637 926 440 539 274 372 266 968 127 918 678 5 530 590 723 890 639 655 582 687 595 18 135 532 421 316 52 727 978 280 113 656 338 275 993 502 323 71 489 341 445 100 570 731 616 931 233 318 677 265 930 925 30 771 493 360 840 629 211 357 904 380 486 586 929 139 628 271 721 614 999 143 362 508 65 177 765 952 851 865 308 928 856 21 942 850 827 661 350 226 682 589 988 34 422 301 691 332 269 342 74 588 722 9 878 906 702 887 793 228 647 989 665 345 485 940 403 561 575 909 76 302 125 196 811 804 516 37 160 337 43 340 351 215 969 468 180 910 488 805 569 514 907 378 892 637 171 915 591 910 780 965 830 243 672 425 156 683 316 991 322 833 58 204 741 135 870 500 209 84 539 557 75 63 168 249 599 593 700 976 831 276 106 845 556 668 821 114 263 61 89 721 735 761 34 284 434 613 280 423 773 246 807 790 776 585 286 229 255 637 29 473 504 78 841 604 212 568 50 753 285 162 605 442 730 260 803 386 447 115 979 485 905 315 659 94 484 173 10 298 186 289 562 106 852 253 294 632 765 146 214 608 668 956 165 201 465 483 456 179 238 387 955 837 367 885 11 760 407 214 122 607 446 796 293
1000
697 952 543 182 345 218 213 834 190 50 181 355 426 127 990 86 376 784 18 629 519 587 485 378 282 990 339 819 621 443 602 153 296 901 850 666 574 216 983 184 216 412 710 463 377 52 748 364 566 859 722 884 932 223 63 446 880 709 476 595 449 603 929 440 305 518 225 71 488 824 554 159 469 752 192 200 321 470 2 48 647 889 438 534 803 703 47 649 988 593 727 559 716 841 898 646 436 266 87 74 199 568 714 997 987 101 933 286 155 579 367 493 8 141 361 662 459 632 846 501 144 419 397 992 169 401 304 189 807 392 19 151 639 664 879 196 589 786 480 238 265 68 911 324 508 315 614 940 29 645 27 458 416 12 646 708 425 395 564 827 351 359 729 53 33 939 924 79 475 58 835 792 30 146 608 462 451 934 7 613 150 434 829 77 901 948 126 700 473 828 472 690 34 880 31 136 584 163 175 499 805 780 550 271 913 486 483 727 107 721 231 370 920 717 84 547 663 638 724 442 325 583 207 481 105 148 699 759 978 480 320 761 970 753 600 854 450 313 439 887 776 326 374 450 366 203 863 158 575 764 431 264 971 239 844 980 685 785 661 595 644 999 147 909 52 89 446 549 92 932 344 964 321 771 230 982 476 750 309 219 612 157 322 222 925 259 768 214 431 490 662 353 534 556 875 730 194 520 779 437 445 853 37 300 142 535 631 173 424 627 613 461 317 232 6 367 540 36 930 241 278 179 742 156 775 895 617 168 516 524 947 687 221 874 163 103 393 806 584 42 616 713 444 336 386 372 565 414 123 667 994 786 347 287 352 98 826 444 532 765 789 275 323 400 852 145 73 320 426 482 134 656 935 98 665 240 35 160 188 839 357 12 166 461 374 560 233 96 428 960 158 205 75 369 212 250 224 495 606 72 771 821 131 20 30 692 998 145 276 227 641 665 778 398 844 169 737 739 762 816 580 291 412 633 465 152 577 650 248 983 1000 995 255 931 891 908 402 531 799 348 257 1 561 26 660 797 104 937 576 172 680 793 433 10 429 93 623 61 180 344 572 228 43 229 297 474 17 171 23 965 360 876 210 628 674 95 217 629 787 4 615 455 504 451 562 538 99 644 979 702 739 657 137 68 292 672 489 354 295 837 963 745 69 319 224 345 260 165 609 402 194 996 60 684 67 658 866 381 856 448 233 497 453 526 976 839 689 649 122 915 396 607 310 371 548 62 467 637 706 237 659 168 942 586 781 212 346 513 541 964 209 235 753 955 432 670 668 115 349 749 399 285 263 624 348 610 9 498 65 830 246 767 208 833 509 394 388 517 484 306 782 811 571 845 964 164 290 323 298 202 454 512 119 523 421 698 730 427 116 331 982 946 862 394 823 936 383 314 802 436 90 960 588 466 269 332 871 38 706 118 309 669 452 790 775 605 993 94 174 446 460 193 934 973 520 474 472 20 693 957 814 496 905 258 746 417 132 757 338 808 618 496 135 104 773 651 503 211 676 130 573 113 648 471 813 438 836 358 984 442 738 860 176 756 62 409 38 5 351 953 247 195 537 966 725 283 981 601 712 342 487 720 551 217 258 773 711 11 954 435 727 791 340 669 620 640 782 326 277 819 847 334 93 851 236 393 341 846 878 822 387 700 912 634 570 951 961 240 124 245 329 32 639 852 117 574 598 161 301 681 403 735 954 825 842 897 553 104 817 592 51 542 44 673 611 732 999 124 867 407 106 114 500 318 293 794 303 923 590 830 831 796 772 852 115 329 452 223 131 280 726 441 256 719 492 468 106 295 962 48 927 238 552 411 652 330 766 406 39 335 764 950 675 870 712 958 948 126 497 364 943 55 16 267 670 626 968 50 747 504 935 582 926 144 195 289 832 809 247 581 389 545 312 253 154 464 183 416 696 626 263 528 79 868 81 135 294 721 501 49 307 886 617 22 812 591 518 984 21 517 17 256 944 673 949 959 975 899 683 800 915 182 243 252 129 143 698 299 755 25 705 744 720 122 173 515 869 717 894 867 906 255 142 840 70 942 596 967 594 160 914 976 751 506 310 903 493 377 201 883 206 110 739 705 78 544 693 197 102 525 602 181 919 557 367 82 854 149 622 413 362 514 986 928 14 308 112 58 148 359 110 350 798 763 873 985 777 76 477 849 900 100 723 619 569 809 410 502 795 671 108 333 575 284 302 544 938 678 724 128 599 486 590 745 754 283 288 543 567 85 288 268 760 855 882 133 734 945 21 167 643 804 555 281 643 184 691 239 865 66
873
489 614 219 782 70 174 27 117 568 754 44 717 401 23 714 728 111 507 514 837 690 354 304 311 712 146 178 376 873 565 69 186 339 43 349 275 867 372 150 435 836 287 14 672 461 149 739 590 389 625 462 783 457 448 645 217 368 57 108 225 10 285 103 136 743 165 250 308 350 210 317 826 201 297 329 382 33 13 139 306 640 50 658 36 621 383 67 843 199 176 551 101 617 533 736 854 631 453 864 487 610 863 650 456 818 638 147 300 230 278 291 84 744 857 820 31 358 815 800 277 466 788 763 503 624 445 483 628 685 520 643 99 76 468 315 821 813 768 534 493 713 779 113 681 344 228 124 51 270 623 742 454 786 75 582 870 576 367 521 78 478 138 245 303 481 129 137 502 30 209 421 775 276 406 125 7 615 56 423 801 410 378 860 809 347 486 663 420 508 42 657 530 543 560 413 162 683 572 396 794 757 805 222 243 189 16 20 632 188 649 549 52 600 862 286 847 96 678 131 326 157 630 677 553 216 218 71 445 443 390 402 25 450 305 234 746 263 665 166 670 778 316 180 411 739 856 301 241 835 403 822 790 110 734 351 417 353 82 823 706 12 845 83 377 626 304 828 366 154 709 586 330 810 226 191 518 441 321 388 173 529 253 840 320 687 464 313 825 782 352 41 668 239 318 97 107 861 5 504 145 59 597 758 570 735 571 547 452 688 169 168 616 536 475 431 45 290 433 554 755 160 596 655 213 418 455 175 644 722 780 183 79 425 26 710 522 299 749 737 240 512 264 562 61 542 561 669 548 204 197 831 705 750 272 185 803 208 394 474 392 697 647 400 397 200 261 827 184 726 280 617 214 611 765 207 342 661 99 404 849 105 814 821 198 279 636 72 619 583 593 77 159 748 608 409 18 598 868 338 605 412 774 309 606 567 68 408 142 695 381 220 379 701 517 745 238 121 558 1 49 2 480 477 54 848 730 516 865 395 573 337 221 753 667 437 141 224 676 259 648 202 479 140 639 305 19 135 707 237 415 832 679 839 242 792 386 102 463 336 694 206 761 93 585 122 427 692 106 227 824 370 486 740 797 136 156 11 732 574 161 378 524 509 143 89 171 556 387 438 292 116 319 608 633 167 364 232 564 525 262 92 194 850 153 53 374 407 580 163 373 211 482 592 55 488 689 195 541 773 74 519 80 100 391 777 770 28 708 244 47 834 620 283 4 187 715 569 312 513 331 622 698 490 858 716 179 395 430 693 510 32 247 46 363 298 442 223 203 704 747 812 738 115 205 6 170 355 282 851 360 584 37 618 662 439 62 552 829 603 772 94 684 109 251 766 702 472 540 369 365 781 494 429 246 467 699 357 563 296 273 361 470 124 152 515 646 852 415 25 155 604 539 771 741 859 151 412 729 302 838 609 332 711 651 233 511 294 588 671 654 575 438 90 266 359 776 842 659 652 538 186 546 15 459 674 393 841 759 641 385 114 653 804 86 257 871 172 465 310 327 833 289 787 634 578 449 579 808 284 806 130 866 528 499 535 559 148 255 252 444 9 419 182 128 236 853 844 802 591 595 325 39 500 811 756 215 789 526 249 73 231 127 38 248 362 91 720 424 77 346 334 181 501 384 664 527 314 21 34 557 123 723 742 599 544 58 846 767 686 447 725 274 589 721 65 324 769 398 484 380 460 151 348 356 256 627 190 436 637 432 796 718 793 8 158 531 869 426 471 307 64 323 485 104 333 428 405 532 581 594 371 60 492 212 23 691 830 473 268 458 642 206 555 422 816 85 635 126 751 799 476 491 98 506 484 496 271 196 609 288 505 120 375 81 409 497 762 731 566 235 414 95 343 63 254 700 752 872 495 760 29 724 703 144 680 112 607 87 727 258 696 587 340 733 666 550 675 719 676 785 269 682 335 132 416 603 66 260 855 784 229 523 322 795 133 22 40 709 192 613 399 451 341 3 434 537 498 177 193 798 267 134 118
500
50 245 415 425 447 396 475 131 278 206 62 380 331 358 213 121 288 406 486 257 181 190 24 192 476 84 114 417 479 485 190 309 214 367 16 302 464 265 100 209 371 26 104 260 79 418 53 352 227 107 132 410 196 388 337 362 47 251 259 228 51 424 36 306 36 475 405 222 26 4 244 193 49 496 127 458 164 4 386 313 381 362 480 380 76 296 404 169 499 182 52 255 422 66 355 327 455 69 110 43 163 345 2 54 446 33 298 458 8 239 126 250 466 346 77 457 371 252 191 37 261 191 291 93 366 33 411 266 176 24 17 333 89 220 406 487 312 32 244 318 283 101 189 471 379 68 384 302 278 258 120 466 88 3 289 26 70 130 336 19 163 147 203 271 246 347 12 448 249 262 51 38 290 145 472 420 444 284 97 326 458 354 18 301 80 257 120 487 232 127 284 79 123 53 15 413 164 161 7 132 380 263 322 162 133 119 11 83 59 421 160 285 357 117 236 170 182 158 118 102 447 459 268 454 387 404 184 98 63 329 36 57 4 118 492 35 329 500 64 176 73 48 363 12 155 101 377 136 366 400 383 448 437 221 436 416 356 29 208 450 237 42 10 68 488 295 112 178 486 286 483 112 464 155 378 324 334 425 170 396 486 332 330 7 204 160 218 393 57 314 1 316 149 207 115 3 189 134 443 272 368 257 133 36 185 275 378 372 171 87 8 309 103 396 128 173 134 60 51 452 71 460 419 172 36 268 364 427 248 100 375 419 154 231 190 36 361 140 37 421 295 70 169 331 114 112 74 197 313 339 78 358 199 176 13 25 243 141 314 491 492 357 437 485 312 56 410 215 497 57 358 186 405 28 395 200 456 235 341 124 264 360 382 347 76 99 364 210 384 358 33 167 485 59 455 157 244 66 374 394 63 262 117 251 482 137 399 219 407 5 400 428 406 153 303 447 387 116 173 407 315 217 28 212 87 304 436 110 223 117 108 443 125 87 460 439 73 329 64 439 27 433 171 193 170 258 414 338 400 334 390 448 428 130 46 177 282 469 470 373 390 302 241 283 272 294 12 289 198 401 454 129 168 226 305 270 148 158 234 126 67 202 456 70 152 355 471 463 234 23 369 34 386 419 465 150 81 459 76 467
51
50 43 49 7 2 47 30 39 35 4 22 16 47 42 37 24 24 45 17 46 10 48 44 49 15 18 8 23 26 13 32 14 25 1 3 12 28 21 51 6 31 36 38 40 34 9 13 20 19 27 29
50
31 20 33 27 10 32 21 25 31 14 47 20 10 34 18 2 39 47 30 4 34 44 16 21 39 27 20 45 3 39 36 5 5 45 4 27 4 12 15 20 50 44 25 42 34 42 13 44 41 33
572
214 139 318 481 141 58 553 511 517 420 537 486 378 314 526 505 43 66 339 151 136 212 264 323 508 201 549 502 445 288 32 542 370 412 47 191 487 162 528 149 262 371 504 453 67 547 510 424 50 464 79 202 534 169 515 355 278 337 460 229 484 46 552 324 237 241 377 125 571 96 93 245 80 284 345 519 363 368 530 105 56 396 535 243 558 187 490 562 217 545 564 205 560 176 100 449 147 302 311 143 414 346 63 246 550 513 5 329 439 114 120 402 472 16 520 531 15 261 236 177 391 290 223 285 529 543 426 271 417 209 89 294 111 411 266 186 222 441 494 296 123 188 317 338 335 282 350 3 451 110 566 390 360 14 327 540 128 512 315 422 255 193 381 97 54 469 536 408 488 248 85 333 293 482 135 539 106 59 68 454 427 474 185 541 183 21 216 499 425 64 233 219 26 372 387 415 305 344 155 546 403 303 495 527 117 447 572 357 473 213 395 362 166 373 178 413 399 268 405 376 286 109 523 491 312 503 485 29 182 173 27 95 160 199 347 289 65 522 13 369 429 103 84 309 556 300 197 170 90 121 321 31 8 215 116 228 478 74 76 477 354 269 419 306 154 394 382 55 493 551 51 400 1 298 171 122 124 144 438 36 393 146 332 444 277 137 554 126 138 244 72 130 208 340 38 386 45 401 25 168 310 276 416 99 247 24 92 384 98 227 304 167 226 265 113 254 78 211 516 4 242 450 267 198 342 301 234 2 521 204 184 238 404 436 272 568 544 442 11 392 320 235 440 112 398 418 567 203 379 459 375 12 351 353 263 94 192 555 480 132 287 385 463 44 507 180 548 232 172 367 131 73 452 75 388 164 565 479 283 210 163 23 101 308 430 102 249 33 456 260 250 524 446 374 563 88 34 40 49 570 274 190 319 466 115 356 127 225 483 62 364 397 292 467 6 52 129 140 81 498 9 407 22 48 42 561 557 70 431 435 458 434 514 432 207 383 465 83 71 343 119 468 497 406 299 20 322 291 500 158 471 61 148 179 165 352 428 252 253 455 326 60 457 559 532 240 334 156 87 295 506 200 231 475 91 175 152 518 239 492 341 380 77 273 461 389 153 366 365 108 433 359 538 251 10 470 443 28 142 409 275 348 313 349 330 476 41 256 134 35 220 181 358 224 17 496 336 257 279 437 174 218 39 37 196 307 150 107 195 157 361 230 104 161 259 533 19 489 258 57 316 18 569 525 331 159 410 118 86 194 7 328 270 53 133 448 206 501 189 221 280 82 509 462 297 281 325 421 30 145 69 423
1000
826 614 71 476 295 931 871 254 641 317 109 170 669 80 408 893 218 934 111 948 833 97 392 180 312 926 841 937 868 486 25 402 198 207 48 714 253 926 915 497 150 784 217 592 408 133 211 346 386 948 323 693 615 152 975 10 54 313 955 118 736 94 454 475 755 384 8 348 242 215 781 556 218 914 152 827 332 555 223 440 8 110 63 593 182 212 856 377 370 920 877 646 56 587 220 643 924 273 274 214 235 986 563 366 317 271 572 806 693 930 989 906 841 233 314 254 377 34 85 887 647 690 212 631 156 691 80 598 967 525 476 254 198 564 772 817 849 67 788 202 414 849 198 209 970 939 596 714 494 971 115 517 329 657 230 584 68 755 650 738 575 619 321 9 726 211 866 905 705 717 180 658 184 252 637 996 154 658 758 346 704 417 162 677 689 830 892 751 979 590 537 855 974 492 207 63 799 33 934 31 685 816 796 274 100 856 305 517 241 922 244 559 286 696 117 585 976 928 484 251 53 8 8 540 105 751 64 862 136 71 452 295 71 23 261 487 783 824 21 307 449 984 206 469 203 609 176 779 889 142 230 73 992 713 706 788 909 525 675 359 301 952 265 555 910 666 612 728 844 435 516 31 477 741 569 769 592 611 620 942 240 788 23 90 100 364 422 55 206 800 344 267 887 461 899 20 709 430 789 65 389 760 24 813 579 568 287 913 504 116 679 882 405 201 978 783 749 423 318 463 780 693 279 747 83 809 481 141 393 166 295 869 135 390 437 890 911 939 947 820 743 777 909 644 833 489 229 735 103 248 658 372 166 890 610 326 178 156 265 582 986 91 206 15 893 43 836 171 452 15 5 314 459 47 139 277 189 247 194 479 817 486 793 370 182 431 670 494 322 178 659 840 526 213 124 151 794 696 124 444 334 564 526 324 751 167 396 1000 521 519 368 173 872 105 40 206 819 780 554 955 243 213 888 728 603 265 11 378 464 889 228 246 572 10 360 383 76 78 477 162 282 370 552 499 986 799 52 531 342 294 201 287 183 755 224 207 806 457 249 854 766 311 684 146 49 188 649 588 372 753 869 241 759 512 530 4 75 500 816 430 21 745 962 930 454 801 494 238 374 503 978 770 93 774 78 167 293 575 896 14 422 910 692 943 199 244 910 993 811 343 696 590 10 266 992 235 514 647 403 489 146 455 769 685 834 38 646 434 278 871 344 720 954 476 988 30 190 620 224 315 484 109 933 791 330 101 43 154 53 839 792 731 145 234 392 322 97 752 505 900 190 335 565 911 626 428 116 38 27 75 8 754 337 496 884 742 283 362 868 864 424 562 861 471 712 487 779 743 225 902 763 935 745 28 411 119 974 691 370 672 455 617 114 440 548 140 401 347 75 311 176 146 961 803 783 34 835 554 442 872 69 482 728 286 113 155 858 161 723 844 88 414 662 73 565 100 84 513 969 610 834 406 644 749 733 629 198 200 173 173 832 815 356 969 815 197 894 905 212 773 181 391 922 110 615 303 553 966 217 173 991 871 113 977 540 954 617 947 73 488 205 103 209 320 152 113 527 156 909 696 200 539 985 677 667 892 515 434 978 769 694 217 732 643 222 259 141 383 969 44 54 214 821 526 789 71 914 671 392 934 894 35 652 964 715 123 541 467 796 389 824 528 788 817 844 118 894 631 66 850 656 871 832 785 35 920 398 961 653 954 185 934 538 114 799 542 177 527 798 221 145 286 526 321 653 744 581 265 622 25 628 807 364 164 582 421 204 960 598 45 371 659 577 83 224 175 149 566 696 906 632 739 720 437 589 928 857 588 445 742 954 649 3 138 284 686 497 968 598 327 385 687 884 908 445 165 5 382 751 76 515 870 740 390 807 665 764 498 275 789 837 239 531 259 5 994 877 639 601 780 396 888 296 587 956 151 421 374 597 827 478 859 480 674 142 993 732 431 255 409 149 508 957 105 233 879 5 917 343 189 487 508 787 375 110 845 443 703 932 438 244 995 176 561 588 592 802 180 170 313 523 489 529 833 299 672 658 232 283 181 106 179 531 635 116 591 789 992 206 661 496 583 19 374 406 828 20 236 238 337 704 735 262 452 362 6 688 191 130 91 287 872 855 60 760 280 419 305 908 968 546 251 966 241 71 135 228 944 760 169 193 985 220 377 429 190 883 92 52 42 575 247 75 150 498 446 587 690 583 601 769 648 871 532 177 491 508 259 500 480 15 251 835 586 388 162 739 904 866 661 830 844 734 921 193 98 894 555 865 891
980
546 790 84 155 127 801 773 360 883 241 389 398 329 289 492 362 75 727 586 742 831 437 93 543 879 884 484 822 237 295 35 895 41 598 848 501 67 736 351 727 844 391 923 875 324 735 914 95 851 814 724 806 585 579 589 764 27 352 707 237 172 59 542 269 86 530 613 775 936 513 602 619 830 434 222 913 598 90 193 19 771 238 91 641 83 489 43 893 150 566 448 920 618 597 248 900 40 384 880 659 712 648 873 366 387 710 131 556 659 669 230 851 674 637 165 312 908 523 101 248 937 803 234 210 65 527 808 507 701 79 700 23 420 190 794 647 219 335 818 499 251 491 73 295 766 68 267 793 158 749 358 286 80 15 980 682 483 103 638 708 287 629 846 367 662 85 763 799 915 241 291 927 760 632 952 617 932 130 324 698 247 438 396 588 42 859 108 316 5 503 926 154 22 600 843 200 978 723 115 231 660 496 514 48 489 891 664 98 940 296 186 735 490 380 816 38 495 258 325 293 714 6 833 918 924 519 500 253 970 459 309 910 956 859 942 606 640 339 787 447 590 37 558 44 415 863 573 303 746 176 485 728 203 631 322 746 630 60 545 116 931 760 811 639 839 468 26 800 8 978 100 446 872 462 732 137 363 451 791 408 406 955 642 506 820 582 188 178 559 623 126 31 893 204 117 142 596 965 792 723 436 917 739 294 769 650 432 953 377 521 260 636 299 380 571 283 464 281 898 369 483 604 639 423 867 592 904 675 874 264 878 401 888 204 166 962 13 776 633 675 12 477 208 417 5 645 76 722 493 901 892 444 92 688 548 10 20 336 244 242 433 427 977 805 645 781 66 192 621 121 841 534 797 156 113 778 119 912 972 373 864 213 169 367 443 242 767 963 465 63 661 876 347 419 272 200 357 684 314 575 951 686 757 400 257 299 390 330 329 713 391 862 344 928 765 54 817 340 254 346 697 259 78 563 466 560 480 627 263 180 300 528 332 651 402 110 787 250 928 313 80 574 469 930 598 515 450 508 494 944 946 394 725 576 349 550 246 124 424 272 136 404 338 61 741 786 111 26 249 67 179 388 410 908 428 948 140 372 467 652 115 99 298 151 854 143 393 666 846 81 405 429 53 798 310 726 671 391 371 976 275 179 932 157 970 966 207 838 793 599 292 133 443 50 295 921 681 856 435 879 356 407 319 418 75 544 517 32 364 134 167 652 676 376 304 240 735 607 536 975 949 51 836 471 479 975 635 297 16 540 184 181 605 96 1 770 835 497 271 343 920 316 149 224 71 21 181 478 8 167 692 744 301 549 958 887 750 270 221 433 915 821 515 945 457 238 302 456 907 425 461 463 58 97 413 518 751 696 132 905 960 306 345 516 644 94 795 785 828 534 463 882 399 201 465 300 350 761 421 826 262 227 712 864 161 695 379 397 160 7 482 368 2 217 678 955 925 395 522 825 541 524 487 511 553 609 315 473 62 112 153 915 743 631 756 461 3 593 342 375 392 494 52 947 754 320 378 296 832 175 505 895 284 603 802 584 860 796 387 789 704 36 946 824 919 146 202 869 4 940 82 285 703 818 152 730 615 41 690 807 288 772 199 276 55 176 785 624 925 916 243 670 959 255 488 266 292 14 311 472 635 42 710 261 485 452 606 104 960 567 879 307 544 879 305 747 453 631 122 7 125 135 687 486 613 572 159 108 718 382 217 565 118 102 159 685 386 878 622 57 878 628 711 870 215 38 733 104 476 679 327 1 885 133 843 451 497 348 209 539 780 636 10 793 614 584 72 850 186 551 861 439 89 277 341 62 445 258 70 637 145 529 17 881 903 69 585 354 227 68 458 13 457 504 939 720 174 74 146 225 509 872 551 721 337 84 455 577 233 752 655 280 35 344 910 663 699 933 412 147 580 782 171 333 838 351 341 837 952 657 734 353 223 454 865 200 862 829 56 667 759 198 212 96 461 884 308 742 587 626 57 941 220 643 232 852 929 762 599 914 442 139 950 260 206 8 677 102 591 32 979 680 160 752 64 289 9 774 93 318 595 895 128 716 625 276 968 715 39 822 192 799 578 359 274 374 658 974 543 589 693 310 594 673 689 665 265 804 355 85 858 753 612 901 392 877 620 43 311 268 535 804 580 245 121 967 556 426 182 646 570 194 259 919 366 317 224 226 568 625 607 653 475 558 827 897 737 416 545 129 496 564 897 889 961 611 279 430 87 228
10
9 1 1 10 10 2 8 4 3 4
20
11 19 4 16 8 17 5 4 13 14 5 20 10 3 13 12 1 7 2 6
200
196 100 58 119 183 162 8 22 73 77 192 3 190 41 128 23 124 74 164 44 133 101 106 196 137 182 13 138 95 98 80 54 84 181 90 194 180 84 188 32 73 32 18 181 173 54 24 91 57 96 50 97 178 2 57 161 90 169 25 22 152 122 102 158 78 197 113 161 166 38 100 57 58 183 46 102 200 197 49 166 54 94 155 156 44 48 109 185 37 85 94 74 97 117 186 148 124 76 123 57 36 80 92 136 42 63 115 64 188 92 6 135 61 183 81 178 60 160 155 104 16 137 12 92 88 180 169 187 43 165 103 158 175 62 103 67 12 106 148 192 179 68 65 179 159 109 135 180 62 183 114 111 51 108 158 111 21 96 15 152 106 37 97 40 132 192 170 40 49 130 17 137 93 90 134 188 95 88 72 37 161 84 6 199 89 160 51 191 156 54 197 73 28 144 198 37 59 139 188 22
59
28 21 17 27 8 41 3 35 16 37 4 13 51 46 56 2 20 26 58 7 42 12 30 16 43 5 45 14 9 43 47 51 50 15 56 13 18 1 17 11 55 23 29 42 54 6 39 19 52 59 12 31 2 34 20 54 10 40 49
320
175 86 90 152 70 220 85 134 103 152 272 308 318 287 190 154 208 150 276 126 87 12 232 135 265 216 43 241 207 304 204 3 160 178 296 160 180 128 270 50 106 92 80 181 137 232 117 204 202 146 168 169 316 66 87 259 25 179 76 72 151 152 258 200 306 183 128 183 150 164 223 173 138 245 116 62 59 219 296 281 303 92 300 75 160 102 172 7 6 256 104 105 236 87 29 240 196 236 263 142 21 170 24 219 166 108 264 39 266 312 145 79 288 68 109 124 30 56 171 86 182 34 155 118 155 70 18 241 1 293 85 82 139 64 157 58 81 9 156 75 275 108 128 136 57 201 45 162 250 278 188 197 159 81 289 23 253 138 319 39 197 105 95 61 177 86 93 10 132 169 90 186 138 61 233 124 308 276 44 216 89 67 319 160 313 106 169 65 141 225 289 218 61 145 319 111 311 93 91 263 236 20 151 110 94 159 319 285 78 43 97 36 126 159 309 295 173 82 63 26 124 310 140 311 119 75 243 177 42 169 293 127 30 306 313 59 306 227 29 26 167 199 17 120 266 120 36 176 158 149 244 75 298 72 156 116 14 303 119 216 179 106 133 255 231 117 290 116 99 205 140 313 173 318 286 122 49 133 144 175 298 255 42 239 237 313 148 200 103 233 6 217 319 286 302 306 118 173 223 36 131 44 141 48 6 20 135 110 1 154 241 1 104 259 92 255 294 113 196 92
53
15 10 18 51 14 3 35 21 8 1 48 53 1 46 2 51 28 17 41 47 37 39 20 22 27 7 50 42 9 6 19 5 43 44 7 33 11 35 16 30 24 15 38 25 52 31 12 4 36 26 22 23 13
100
59 43 59 97 48 67 8 96 41 50 28 8 25 23 21 89 65 35 59 79 15 99 4 86 75 61 99 11 58 59 39 61 1 14 97 27 78 15 31 52 96 97 54 39 90 10 2 5 68 28 35 11 21 43 43 15 61 29 3 94 29 5 29 20 46 23 39 12 98 24 54 61 96 58 25 43 12 56 54 75 69 50 13 15 63 24 84 21 48 31 45 25 3 44 86 41 35 3 16 89
10
3 10 2 8 10 2 4 10 7 5
502
420 148 103 206 417 63 271 292 220 136 5 408 389 164 2 128 161 87 423 75 211 32 260 194 349 449 165 334 178 403 360 322 58 489 359 202 485 282 150 127 432 34 246 363 115 491 313 7 157 457 71 24 18 346 462 175 26 414 89 401 273 361 441 28 108 29 490 295 343 31 204 351 460 139 434 177 159 277 166 223 11 347 121 469 416 189 269 55 472 492 285 353 197 267 66 316 302 27 332 268 3 217 187 212 381 375 35 471 185 474 440 429 385 495 379 179 484 188 51 147 461 345 296 479 94 478 465 210 390 41 274 459 317 352 173 158 233 494 134 299 6 42 396 487 10 86 97 149 100 231 62 409 96 198 81 476 142 230 335 229 482 433 257 355 88 388 25 117 287 208 483 192 376 76 129 374 425 342 324 294 22 56 239 74 330 248 399 124 418 151 9 366 428 362 386 372 480 245 43 83 259 48 168 380 123 145 501 38 190 364 327 67 33 195 251 286 57 130 91 153 370 14 79 118 241 132 493 447 191 131 16 453 367 281 65 329 224 325 406 314 499 464 402 392 107 261 398 427 435 293 104 450 475 84 17 106 410 496 112 393 350 207 378 419 280 228 255 270 303 181 301 306 320 174 113 405 497 30 105 373 264 143 298 426 172 163 219 237 395 309 1 52 431 276 383 92 244 138 200 218 278 180 284 258 438 247 279 125 169 387 95 196 371 481 357 354 473 232 186 265 46 288 368 336 437 54 421 13 311 339 436 72 135 458 59 272 256 39 183 98 45 77 338 226 319 235 397 391 300 454 44 36 358 439 144 146 310 64 203 468 160 422 114 162 430 101 242 116 451 337 156 407 331 122 448 60 240 356 221 266 498 467 404 145 193 289 167 111 466 155 99 176 470 20 154 400 463 216 93 262 412 413 209 326 382 73 184 452 369 90 110 308 444 47 318 312 445 70 227 394 443 442 488 201 243 500 446 80 365 384 477 236 456 102 120 15 344 307 253 290 315 69 137 214 250 199 222 348 19 328 171 225 53 78 40 215 254 333 283 85 415 377 152 82 297 424 12 8 170 411 252 305 502 455 263 238 249 109 49 213 341 21 486 126 304 61 234 141 119 182 205 291 140 340 50 321 323 133 37 275 23 68
128
104 49 45 62 65 69 89 77 84 62 103 76 80 51 127 90 67 82 51 63 74 9 78 97 16 106 59 32 128 51 22 64 92 26 99 19 125 10 58 29 76 58 65 37 40 25 61 89 119 6 117 91 77 125 53 67 9 33 27 4 51 35 18 15 43 103 13 26 33 67 122 9 103 30 108 9 53 83 19 110 23 63 50 55 59 46 71 101 48 14 25 114 40 118 117 63 82 60 88 9 62 43 73 37 12 11 98 34 86 13 21 75 87 81 94 36 95 58 13 7 71 110 92 64 37 69 86 66
200
19 148 37 19 100 137 138 35 174 76 123 86 22 153 80 134 120 19 119 166 10 30 156 164 114 149 25 187 188 1 84 192 6 56 170 195 198 100 41 24 77 193 55 130 176 74 25 64 157 19 118 105 96 20 158 133 144 4 145 101 112 69 30 58 108 135 152 103 198 35 101 76 51 79 79 147 189 195 128 165 45 33 179 97 191 48 73 70 10 95 196 188 29 190 137 92 38 193 64 97 17 111 123 6 169 121 41 115 160 12 185 129 146 131 51 105 45 23 1 129 65 159 92 92 171 20 95 3 23 28 64 181 185 149 188 56 140 63 116 38 58 170 94 197 82 35 76 137 55 79 14 184 7 187 38 167 13 152 101 11 61 139 94 193 5 45 52 113 86 165 125 64 84 41 81 81 59 198 162 189 68 132 93 177 158 55 21 131 62 67 6 17 25 105 18 73 25 149 5 146
870
605 143 798 653 478 171 832 706 76 398 409 66 291 441 53 437 278 442 181 851 718 373 866 643 469 417 192 196 467 554 192 412 794 385 598 829 267 137 299 123 268 343 586 545 147 796 630 198 654 476 562 158 848 719 106 441 48 80 321 653 16 305 221 201 383 113 4 406 437 394 579 405 295 5 109 309 675 35 745 764 736 241 313 724 631 18 132 124 726 390 97 60 510 768 532 42 588 130 384 541 551 86 842 30 483 812 316 226 489 329 302 182 450 267 629 863 276 186 99 765 30 212 166 852 369 476 32 645 580 555 849 750 706 289 693 253 42 762 178 558 148 206 393 541 195 394 575 63 606 596 430 472 59 525 819 2 230 490 220 232 840 852 396 782 268 802 235 699 10 569 826 511 600 511 780 530 639 245 177 212 748 263 126 696 666 363 13 726 322 396 345 22 550 409 439 456 404 443 532 220 448 17 801 108 651 795 415 788 746 301 569 650 58 845 716 685 187 595 104 414 780 568 168 85 155 380 524 341 415 644 280 482 742 217 226 591 843 635 838 420 17 543 418 381 118 406 491 69 257 741 227 416 317 144 78 490 123 635 419 636 110 36 346 838 33 322 589 303 746 397 26 746 9 741 297 671 685 833 5 231 724 286 296 572 624 432 784 227 683 23 510 797 162 465 64 665 525 25 152 682 81 801 596 60 664 773 671 243 564 590 199 575 737 120 382 504 228 132 62 510 365 723 866 147 806 750 92 274 91 451 352 147 404 133 254 120 468 843 476 486 581 216 797 9 749 677 198 351 344 560 258 72 651 807 322 343 450 265 43 785 344 625 561 505 32 302 830 325 407 395 589 868 282 578 788 761 148 362 464 651 440 390 347 477 516 699 58 518 581 635 807 75 390 153 505 525 820 515 731 736 87 847 210 144 539 819 642 822 82 330 526 656 640 432 829 201 201 657 491 107 14 477 865 79 397 130 152 500 81 589 165 162 690 127 43 324 627 406 790 57 101 601 40 762 727 270 558 94 467 12 622 599 157 620 528 399 103 374 738 43 802 459 277 745 572 770 505 521 62 835 477 245 799 616 725 800 842 222 272 522 740 613 136 297 636 413 441 584 626 615 388 601 345 734 263 856 711 170 775 215 33 26 473 438 586 630 644 527 662 789 43 696 151 478 702 746 225 698 46 231 436 263 438 701 683 761 17 21 670 65 267 672 258 870 435 395 584 328 748 395 665 613 164 94 287 266 840 30 191 700 867 713 643 580 470 490 831 617 201 608 167 314 283 71 674 476 588 552 445 811 696 204 751 536 26 688 144 558 22 83 292 134 724 546 365 758 392 824 182 533 473 101 684 744 682 597 674 474 20 670 266 727 72 176 344 286 500 282 74 632 629 119 232 355 237 179 607 323 333 688 231 320 642 756 487 857 62 802 671 78 225 74 699 281 283 510 643 808 226 701 619 6 504 154 829 545 855 264 251 337 719 813 491 416 520 325 458 368 24 420 221 46 395 576 424 12 819 774 695 173 287 311 605 113 409 468 233 7 551 696 207 538 175 851 723 789 216 253 853 686 279 404 1 772 381 390 690 650 255 579 822 67 635 57 300 849 429 630 862 555 133 865 726 407 284 334 242 458 330 438 130 431 707 614 433 53 735 203 539 330 827 302 448 96 91 157 7 378 707 357 305 619 135 690 808 457 104 550 525 115 96 700 341 171 46 559 756 111 458 126 445 540 689 655 771 447 855 653 652 626 685 725 218 658 653 310 231 423 113 634 439 106 511 370 52 742 487 119 139 87 454 456 34 868 548 105 773 222 591 252 195 34 833 736 659 107 106 531 826 65 604 815 711 841 329 711 695 459 496 416 698 784 504 548 838 358 504 601 764 194 351 164 218 727 128 45 244 540 179 195 664 604 3 620 194 646 701 308 15 339 432 787 771 659 331 146 770 739 850 758 357 233 632 66 337 204 729 805 334 726
20
19 15 12 17 3 10 2 14 14 20 19 15 14 15 18 18 7 5 17 13
10
4 9 5 5 7 4 9 6 3 4
53
41 14 36 35 16 34 19 37 4 50 2 25 46 49 32 47 29 23 13 12 8 5 24 6 47 53 31 3 7 43 28 49 51 38 42 20 16 50 48 17 26 52 39 40 1 14 22 33 11 10 15 10 21
995
835 531 796 477 544 4 251 306 777 508 779 477 622 557 34 377 727 354 367 391 874 762 921 865 282 357 103 984 13 435 122 125 652 751 669 610 717 364 104 454 73 257 446 923 958 336 754 662 123 329 284 118 990 117 177 825 140 509 980 52 832 634 351 872 63 502 531 262 829 261 49 415 253 582 41 219 744 91 482 30 575 912 79 947 81 956 557 636 709 970 78 131 971 279 258 889 318 228 408 226 229 819 784 690 930 107 556 826 87 873 680 109 332 591 88 102 203 110 5 82 22 959 757 510 881 66 299 737 607 577 224 765 914 401 1 440 290 945 50 207 262 664 36 783 588 790 410 956 345 33 937 353 932 285 492 211 902 418 114 766 238 481 262 104 814 19 866 142 30 720 299 481 661 453 867 535 268 530 274 991 407 950 239 804 618 26 191 911 520 774 760 235 489 835 390 122 885 924 340 695 742 587 97 669 27 382 276 170 456 426 740 200 546 355 617 333 322 285 690 556 851 358 450 667 511 197 963 484 350 805 600 668 654 187 951 753 128 430 151 50 856 916 732 809 724 942 810 202 292 927 434 627 84 538 918 573 750 521 254 812 681 141 523 834 960 606 95 992 242 442 736 261 188 236 168 567 231 935 811 726 585 456 771 952 218 220 536 688 427 295 4 343 437 178 290 268 121 901 334 104 792 265 249 152 612 223 920 448 79 568 508 513 183 778 163 196 843 136 760 722 469 460 198 416 820 320 324 559 247 190 951 130 100 864 988 299 368 870 58 157 222 744 994 402 976 849 453 111 146 620 596 21 209 406 264 22 779 40 572 176 823 12 86 483 861 740 141 773 742 528 813 532 627 20 297 180 405 654 748 710 486 847 292 310 926 380 143 846 179 733 975 23 785 216 387 309 233 513 551 891 300 739 78 206 563 709 745 461 789 114 662 139 961 6 458 511 680 443 149 938 548 324 936 856 8 281 964 708 549 743 93 981 176 1 735 329 501 518 424 108 210 453 77 895 845 693 175 785 453 963 816 493 449 643 277 282 474 860 271 878 57 185 328 194 684 706 278 775 421 718 843 564 723 966 75 27 12 429 685 465 882 79 47 132 384 982 305 799 579 653 451 648 973 801 784 215 868 350 131 555 829 731 441 294 470 893 879 788 319 174 672 987 116 869 530 689 379 413 512 889 43 73 138 694 273 986 263 147 777 898 644 96 48 716 989 225 855 152 330 704 283 645 109 626 671 966 148 984 772 921 630 553 656 476 473 313 586 232 732 246 124 67 218 409 383 480 519 711 381 703 623 749 604 597 562 919 65 603 844 311 303 70 208 137 558 71 96 672 152 576 314 569 35 241 908 859 348 91 549 76 814 972 641 691 707 38 678 295 216 822 260 308 859 648 537 800 628 650 127 534 821 388 634 219 26 64 721 758 949 134 493 903 830 542 377 573 464 763 159 177 496 173 193 823 734 266 946 848 18 167 838 431 583 791 504 929 824 876 488 708 917 770 854 346 337 597 913 42 601 235 566 234 449 719 652 115 674 890 608 92 339 748 573 457 633 657 54 606 771 219 927 526 666 248 783 52 955 477 195 704 611 156 935 505 486 976 507 162 539 818 687 690 72 877 130 267 769 340 321 170 634 540 286 524 298 699 237 334 977 958 612 144 979 53 137 125 828 827 384 396 859 344 169 414 811 170 533 551 363 933 581 287 897 380 181 276 808 389 12 319 177 943 371 460 803 858 5 732 761 395 185 471 928 12 922 767 561 602 85 993 930 82 695 404 935 269 214 503 782 514 325 59 455 589 696 655 271 851 844 685 428 877 400 867 764 363 202 738 61 385 166 447 679 632 202 433 518 663 665 403 17 244 714 463 674 642 609 592 302 307 570 725 516 349 194 713 581 702 954 982 477 829 51 799 732 553 56 280 326 461 598 670 335 370 133 230 903 554 468 365 186 516 689 747 45 213 673 629 616 148 348 25 301 376 820 69 817 285 513 900 490 212 704 595 352 809 37 968 520 787 109 489 564 651 344 421 432 467 779 482 688 729 840 201 881 124 909 41 259 657 259 870 429 526 751 925 795 33 378 113 798 373 577 647 637 994 500 578 852 763 897 217 451 812 278 98 155 970 105 462 719 813 527 537 676 962 189 799 16 9 168 29 624 793 904 86 564 786 163 995 607 315 375 99 799 546 925 229 692 392 900 223 289 593 359 7 160 51 423 605 658 840 307 493 36 488 836 436 336 580 697 720 33 926 888
